-0.106225 0.5812 -0 0.766112 0.730151
-0.0889691 0.590289 -0 0.768541 0.768535
-0.115881 0.634039 -0 0.779491 0.706877
-0.11199 0.518656 -0 0.744822 0.720423
-0.0965678 0.528364 -0 0.748576 0.758083
-0.123189 0.570522 -0 0.76171 0.692704
-0.0965678 0.528364 -0 0.748576 0.758083
-0.106225 0.5812 -0 0.766112 0.730151
-0.123189 0.570522 -0 0.76171 0.692704
-0.123189 0.570522 -0 0.76171 0.692704
-0.106225 0.5812 -0 0.766112 0.730151
-0.134388 0.622386 -0 0.774638 0.669689
-0.106225 0.5812 -0 0.766112 0.730151
-0.115881 0.634039 -0 0.779491 0.706877
-0.134388 0.622386 -0 0.774638 0.669689
-0.134388 0.622386 -0 0.774638 0.669689
-0.115881 0.634039 -0 0.779491 0.706877
-0.145587 0.674253 -0 0.784676 0.650057
-0.115881 0.634039 -0 0.779491 0.706877
-0.125538 0.686875 -0 0.789975 0.686959
-0.145587 0.674253 -0 0.784676 0.650057
-0.145587 0.674253 -0 0.784676 0.650057
-0.125538 0.686875 -0 0.789975 0.686959
-0.156786 0.726119 -0 0.79272 0.633083
-0.127105 0.507525 -0 0.739517 0.683412
-0.11199 0.518656 -0 0.744822 0.720423
-0.139816 0.558278 -0 0.755812 0.656353
-0.11199 0.518656 -0 0.744822 0.720423
-0.123189 0.570522 -0 0.76171 0.692704
-0.139816 0.558278 -0 0.755812 0.656353
-0.139816 0.558278 -0 0.755812 0.656353
-0.123189 0.570522 -0 0.76171 0.692704
-0.152526 0.609031 -0 0.76833 0.633082
-0.123189 0.570522 -0 0.76171 0.692704
-0.134388 0.622386 -0 0.774638 0.669689
-0.152526 0.609031 -0 0.76833 0.633082
-0.152526 0.609031 -0 0.76833 0.633082
-0.134388 0.622386 -0 0.774638 0.669689
-0.165238 0.659783 -0 0.777974 0.613098
-0.134388 0.622386 -0 0.774638 0.669689
-0.145587 0.674253 -0 0.784676 0.650057
-0.165238 0.659783 -0 0.777974 0.613098
-0.165238 0.659783 -0 0.777974 0.613098
-0.145587 0.674253 -0 0.784676 0.650057
-0.177947 0.710536 -0 0.785725 0.59642
-0.145587 0.674253 -0 0.784676 0.650057
-0.156786 0.726119 -0 0.79272 0.633083
-0.177947 0.710536 -0 0.785725 0.59642
-0.177947 0.710536 -0 0.785725 0.59642
-0.156786 0.726119 -0 0.79272 0.633083
-0.190658 0.761289 -0 0.791958 0.582569
-0.156786 0.726119 -0 0.79272 0.633083
-0.167984 0.777983 -0 0.799267 0.618312
-0.190658 0.761289 -0 0.791958 0.582569
-0.141872 0.495003 -0 0.732708 0.646885
-0.127105 0.507525 -0 0.739517 0.683412
-0.156059 0.544503 -0 0.748431 0.619716
-0.127105 0.507525 -0 0.739517 0.683412
-0.139816 0.558278 -0 0.755812 0.656353
-0.156059 0.544503 -0 0.748431 0.619716
-0.156059 0.544503 -0 0.748431 0.619716
-0.139816 0.558278 -0 0.755812 0.656353
-0.170247 0.594006 -0 0.760521 0.597165
-0.139816 0.558278 -0 0.755812 0.656353
-0.152526 0.609031 -0 0.76833 0.633082
-0.170247 0.594006 -0 0.760521 0.597165
-0.170247 0.594006 -0 0.760521 0.597165
-0.152526 0.609031 -0 0.76833 0.633082
-0.184434 0.643506 -0 0.769848 0.577581
-0.152526 0.609031 -0 0.76833 0.633082
-0.165238 0.659783 -0 0.777974 0.613098
-0.184434 0.643506 -0 0.769848 0.577581
-0.184434 0.643506 -0 0.769848 0.577581
-0.165238 0.659783 -0 0.777974 0.613098
-0.19862 0.693006 -0 0.777248 0.562162
-0.165238 0.659783 -0 0.777974 0.613098
-0.177947 0.710536 -0 0.785725 0.59642
-0.19862 0.693006 -0 0.777248 0.562162
-0.19862 0.693006 -0 0.777248 0.562162
-0.177947 0.710536 -0 0.785725 0.59642
-0.212808 0.742506 -0 0.78326 0.548464
-0.177947 0.710536 -0 0.785725 0.59642
-0.190658 0.761289 -0 0.791958 0.582569
-0.212808 0.742506 -0 0.78326 0.548464
-0.15625 0.481125 -0 0.724004 0.611552
-0.141872 0.495003 -0 0.732708 0.646885
-0.171875 0.529239 -0 0.739558 0.5845
-0.141872 0.495003 -0 0.732708 0.646885
-0.156059 0.544503 -0 0.748431 0.619716
-0.171875 0.529239 -0 0.739558 0.5845
-0.171875 0.529239 -0 0.739558 0.5845
-0.156059 0.544503 -0 0.748431 0.619716
-0.1875 0.57735 -0 0.751316 0.562084
-0.156059 0.544503 -0 0.748431 0.619716
-0.170247 0.594006 -0 0.760521 0.597165
-0.1875 0.57735 -0 0.751316 0.562084
-0.1875 0.57735 -0 0.751316 0.562084
-0.170247 0.594006 -0 0.760521 0.597165
-0.203125 0.625464 -0 0.76035 0.543451
-0.170247 0.594006 -0 0.760521 0.597165
-0.184434 0.643506 -0 0.769848 0.577581
-0.203125 0.625464 -0 0.76035 0.543451
-0.203125 0.625464 -0 0.76035 0.543451
-0.184434 0.643506 -0 0.769848 0.577581
-0.21875 0.673575 -0 0.767573 0.527876
-0.184434 0.643506 -0 0.769848 0.577581
-0.19862 0.693006 -0 0.777248 0.562162
-0.21875 0.673575 -0 0.767573 0.527876
-0.21875 0.673575 -0 0.767573 0.527876
-0.19862 0.693006 -0 0.777248 0.562162
-0.234375 0.721689 -0 0.773432 0.514825
-0.19862 0.693006 -0 0.777248 0.562162
-0.212808 0.742506 -0 0.78326 0.548464
-0.234375 0.721689 -0 0.773432 0.514825
-0.1702 0.465928 -0 0.714225 0.576745
-0.15625 0.481125 -0 0.724004 0.611552
-0.18722 0.512522 -0 0.729218 0.550826
-0.15625 0.481125 -0 0.724004 0.611552
-0.171875 0.529239 -0 0.739558 0.5845
-0.18722 0.512522 -0 0.729218 0.550826
-0.18722 0.512522 -0 0.729218 0.550826
-0.171875 0.529239 -0 0.739558 0.5845
-0.204239 0.559114 -0 0.740583 0.529256
-0.171875 0.529239 -0 0.739558 0.5845
-0.1875 0.57735 -0 0.751316 0.562084
-0.204239 0.559114 -0 0.740583 0.529256
-0.204239 0.559114 -0 0.740583 0.529256
-0.1875 0.57735 -0 0.751316 0.562084
-0.221259 0.605706 -0 0.749555 0.511244
-0.1875 0.57735 -0 0.751316 0.562084
-0.203125 0.625464 -0 0.76035 0.543451
-0.221259 0.605706 -0 0.749555 0.511244
-0.221259 0.605706 -0 0.749555 0.511244
-0.203125 0.625464 -0 0.76035 0.543451
-0.23828 0.6523 -0 0.756737 0.496161
-0.203125 0.625464 -0 0.76035 0.543451
-0.21875 0.673575 -0 0.767573 0.527876
-0.23828 0.6523 -0 0.756737 0.496161
-0.23828 0.6523 -0 0.756737 0.496161
-0.21875 0.673575 -0 0.767573 0.527876
-0.2553 0.698892 -0 0.762368 0.483416
-0.21875 0.673575 -0 0.767573 0.527876
-0.234375 0.721689 -0 0.773432 0.514825
-0.2553 0.698892 -0 0.762368 0.483416
-0.165314 0.404508 -0 0.683206 0.576127
-0.15318 0.419336 -0 0.694132 0.609305
-0.183683 0.449453 -0 0.702623 0.544451
-0.15318 0.419336 -0 0.694132 0.609305
-0.1702 0.465928 -0 0.714225 0.576745
-0.183683 0.449453 -0 0.702623 0.544451
-0.183683 0.449453 -0 0.702623 0.544451
-0.1702 0.465928 -0 0.714225 0.576745
-0.202052 0.4944 -0 0.717558 0.517929
-0.1702 0.465928 -0 0.714225 0.576745
-0.18722 0.512522 -0 0.729218 0.550826
-0.202052 0.4944 -0 0.717558 0.517929
-0.202052 0.4944 -0 0.717558 0.517929
-0.18722 0.512522 -0 0.729218 0.550826
-0.220419 0.539344 -0 0.728893 0.498293
-0.18722 0.512522 -0 0.729218 0.550826
-0.204239 0.559114 -0 0.740583 0.529256
-0.220419 0.539344 -0 0.728893 0.498293
-0.220419 0.539344 -0 0.728893 0.498293
-0.204239 0.559114 -0 0.740583 0.529256
-0.238787 0.584289 -0 0.737551 0.480649
-0.204239 0.559114 -0 0.740583 0.529256
-0.221259 0.605706 -0 0.749555 0.511244
-0.238787 0.584289 -0 0.737551 0.480649
-0.238787 0.584289 -0 0.737551 0.480649
-0.221259 0.605706 -0 0.749555 0.511244
-0.257156 0.629236 -0 0.744741 0.465885
-0.221259 0.605706 -0 0.749555 0.511244
-0.23828 0.6523 -0 0.756737 0.496161
-0.257156 0.629236 -0 0.744741 0.465885
-0.257156 0.629236 -0 0.744741 0.465885
-0.23828 0.6523 -0 0.756737 0.496161
-0.275525 0.674181 -0 0.750386 0.454393
-0.23828 0.6523 -0 0.756737 0.496161
-0.2553 0.698892 -0 0.762368 0.483416
-0.275525 0.674181 -0 0.750386 0.454393
-0.176997 0.388572 -0 0.671155 0.544144
-0.165314 0.404508 -0 0.683206 0.576127
-0.196663 0.431747 -0 0.690533 0.51319
-0.165314 0.404508 -0 0.683206 0.576127
-0.183683 0.449453 -0 0.702623 0.544451
-0.196663 0.431747 -0 0.690533 0.51319
-0.196663 0.431747 -0 0.690533 0.51319
-0.183683 0.449453 -0 0.702623 0.544451
-0.216328 0.474922 -0 0.705101 0.488676
-0.183683 0.449453 -0 0.702623 0.544451
-0.202052 0.4944 -0 0.717558 0.517929
-0.216328 0.474922 -0 0.705101 0.488676
-0.216328 0.474922 -0 0.705101 0.488676
-0.202052 0.4944 -0 0.717558 0.517929
-0.235995 0.518097 -0 0.716115 0.468108
-0.202052 0.4944 -0 0.717558 0.517929
-0.220419 0.539344 -0 0.728893 0.498293
-0.235995 0.518097 -0 0.716115 0.468108
-0.235995 0.518097 -0 0.716115 0.468108
-0.220419 0.539344 -0 0.728893 0.498293
-0.255661 0.561272 -0 0.724901 0.452072
-0.220419 0.539344 -0 0.728893 0.498293
-0.238787 0.584289 -0 0.737551 0.480649
-0.255661 0.561272 -0 0.724901 0.452072
-0.255661 0.561272 -0 0.724901 0.452072
-0.238787 0.584289 -0 0.737551 0.480649
-0.275328 0.604447 -0 0.73186 0.437393
-0.238787 0.584289 -0 0.737551 0.480649
-0.257156 0.629236 -0 0.744741 0.465885
-0.275328 0.604447 -0 0.73186 0.437393
-0.275328 0.604447 -0 0.73186 0.437393
-0.257156 0.629236 -0 0.744741 0.465885
-0.294994 0.647622 -0 0.737549 0.42604
-0.257156 0.629236 -0 0.744741 0.465885
-0.275525 0.674181 -0 0.750386 0.454393
-0.294994 0.647622 -0 0.737549 0.42604
-0.176997 0.388572 -0 0.671155 0.544144
-0.196663 0.431747 -0 0.690533 0.51319
-0.209103 0.412858 -0 0.676925 0.484065
-0.209103 0.412858 -0 0.676925 0.484065
-0.196663 0.431747 -0 0.690533 0.51319
-0.230014 0.454144 -0 0.691397 0.459994
-0.196663 0.431747 -0 0.690533 0.51319
-0.216328 0.474922 -0 0.705101 0.488676
-0.230014 0.454144 -0 0.691397 0.459994
-0.230014 0.454144 -0 0.691397 0.459994
-0.216328 0.474922 -0 0.705101 0.488676
-0.250923 0.495431 -0 0.7023 0.439704
-0.216328 0.474922 -0 0.705101 0.488676
-0.235995 0.518097 -0 0.716115 0.468108
-0.250923 0.495431 -0 0.7023 0.439704
-0.250923 0.495431 -0 0.7023 0.439704
-0.235995 0.518097 -0 0.716115 0.468108
-0.271834 0.536717 -0 0.711008 0.423871
-0.235995 0.518097 -0 0.716115 0.468108
-0.255661 0.561272 -0 0.724901 0.452072
-0.271834 0.536717 -0 0.711008 0.423871
-0.271834 0.536717 -0 0.711008 0.423871
-0.255661 0.561272 -0 0.724901 0.452072
-0.292745 0.578003 -0 0.717961 0.410475
-0.255661 0.561272 -0 0.724901 0.452072
-0.275328 0.604447 -0 0.73186 0.437393
-0.292745 0.578003 -0 0.717961 0.410475
-0.292745 0.578003 -0 0.717961 0.410475
-0.275328 0.604447 -0 0.73186 0.437393
-0.313655 0.619286 -0 0.723995 0.400441
-0.275328 0.604447 -0 0.73186 0.437393
-0.294994 0.647622 -0 0.737549 0.42604
-0.313655 0.619286 -0 0.723995 0.400441
-0.22097 0.392836 -0 0.662622 0.456449
-0.209103 0.412858 -0 0.676925 0.484065
-0.243067 0.432119 -0 0.676831 0.434147
-0.209103 0.412858 -0 0.676925 0.484065
-0.230014 0.454144 -0 0.691397 0.459994
-0.243067 0.432119 -0 0.676831 0.434147
-0.243067 0.432119 -0 0.676831 0.434147
-0.230014 0.454144 -0 0.691397 0.459994
-0.265166 0.471406 -0 0.688039 0.415466
-0.230014 0.454144 -0 0.691397 0.459994
-0.250923 0.495431 -0 0.7023 0.439704
-0.265166 0.471406 -0 0.688039 0.415466
-0.265166 0.471406 -0 0.688039 0.415466
-0.250923 0.495431 -0 0.7023 0.439704
-0.287263 0.510689 -0 0.696915 0.399725
-0.250923 0.495431 -0 0.7023 0.439704
-0.271834 0.536717 -0 0.711008 0.423871
-0.287263 0.510689 -0 0.696915 0.399725
-0.287263 0.510689 -0 0.696915 0.399725
-0.271834 0.536717 -0 0.711008 0.423871
-0.309359 0.549972 -0 0.703967 0.386359
-0.271834 0.536717 -0 0.711008 0.423871
-0.292745 0.578003 -0 0.717961 0.410475
-0.309359 0.549972 -0 0.703967 0.386359
-0.309359 0.549972 -0 0.703967 0.386359
-0.292745 0.578003 -0 0.717961 0.410475
-0.331456 0.589256 -0 0.709712 0.376104
-0.292745 0.578003 -0 0.717961 0.410475
-0.313655 0.619286 -0 0.723995 0.400441
-0.331456 0.589256 -0 0.709712 0.376104
-0.22097 0.392836 -0 0.662622 0.456449
-0.243067 0.432119 -0 0.676831 0.434147
-0.255456 0.408914 -0 0.662252 0.409119
-0.255456 0.408914 -0 0.662252 0.409119
-0.243067 0.432119 -0 0.676831 0.434147
-0.27868 0.446086 -0 0.673003 0.391829
-0.243067 0.432119 -0 0.676831 0.434147
-0.265166 0.471406 -0 0.688039 0.415466
-0.27868 0.446086 -0 0.673003 0.391829
-0.27868 0.446086 -0 0.673003 0.391829
-0.265166 0.471406 -0 0.688039 0.415466
-0.301903 0.483261 -0 0.681902 0.376108
-0.265166 0.471406 -0 0.688039 0.415466
-0.287263 0.510689 -0 0.696915 0.399725
-0.301903 0.483261 -0 0.681902 0.376108
-0.301903 0.483261 -0 0.681902 0.376108
-0.287263 0.510689 -0 0.696915 0.399725
-0.325127 0.520436 -0 0.689076 0.363954
-0.287263 0.510689 -0 0.696915 0.399725
-0.309359 0.549972 -0 0.703967 0.386359
-0.325127 0.520436 -0 0.689076 0.363954
-0.325127 0.520436 -0 0.689076 0.363954
-0.309359 0.549972 -0 0.703967 0.386359
-0.348348 0.557608 -0 0.694755 0.353536
-0.309359 0.549972 -0 0.703967 0.386359
-0.331456 0.589256 -0 0.709712 0.376104
-0.348348 0.557608 -0 0.694755 0.353536
-0.255456 0.408914 -0 0.662252 0.409119
-0.27868 0.446086 -0 0.673003 0.391829
-0.29143 0.419547 -0 0.657676 0.370743
-0.29143 0.419547 -0 0.657676 0.370743
-0.27868 0.446086 -0 0.673003 0.391829
-0.315716 0.454508 -0 0.666422 0.354878
-0.27868 0.446086 -0 0.673003 0.391829
-0.301903 0.483261 -0 0.681902 0.376108
-0.315716 0.454508 -0 0.666422 0.354878
-0.315716 0.454508 -0 0.666422 0.354878
-0.301903 0.483261 -0 0.681902 0.376108
-0.340002 0.489472 -0 0.673582 0.343786
-0.301903 0.483261 -0 0.681902 0.376108
-0.325127 0.520436 -0 0.689076 0.363954
-0.340002 0.489472 -0 0.673582 0.343786
-0.340002 0.489472 -0 0.673582 0.343786
-0.325127 0.520436 -0 0.689076 0.363954
-0.364287 0.524433 -0 0.679558 0.333351
-0.325127 0.520436 -0 0.689076 0.363954
-0.348348 0.557608 -0 0.694755 0.353536
-0.364287 0.524433 -0 0.679558 0.333351
-0.29143 0.419547 -0 0.657676 0.370743
-0.315716 0.454508 -0 0.666422 0.354878
-0.328663 0.424511 -0 0.650867 0.336487
-0.328663 0.424511 -0 0.650867 0.336487
-0.315716 0.454508 -0 0.666422 0.354878
-0.353945 0.457167 -0 0.658271 0.325334
-0.315716 0.454508 -0 0.666422 0.354878
-0.340002 0.489472 -0 0.673582 0.343786
-0.353945 0.457167 -0 0.658271 0.325334
-0.353945 0.457167 -0 0.658271 0.325334
-0.340002 0.489472 -0 0.673582 0.343786
-0.379227 0.489822 -0 0.664615 0.31604
-0.340002 0.489472 -0 0.673582 0.343786
-0.364287 0.524433 -0 0.679558 0.333351
-0.379227 0.489822 -0 0.664615 0.31604
-0.353945 0.457167 -0 0.658271 0.325334
-0.379227 0.489822 -0 0.664615 0.31604
-0.393127 0.453867 -0 0.648823 0.298918
-0.315716 -0.454508 -0 0.31972 0.323801
-0.328663 -0.424511 -0 0.329358 0.313796
-0.340002 -0.489472 -0 0.323018 0.311275
-0.328663 -0.424511 -0 0.329358 0.313796
-0.353945 -0.457167 -0 0.332798 0.30124
-0.340002 -0.489472 -0 0.323018 0.311275
-0.340002 -0.489472 -0 0.323018 0.311275
-0.353945 -0.457167 -0 0.332798 0.30124
-0.364287 -0.524433 -0 0.325502 0.301589
-0.353945 -0.457167 -0 0.332798 0.30124
-0.379227 -0.489822 -0 0.335929 0.291226
-0.364287 -0.524433 -0 0.325502 0.301589
-0.27868 -0.446086 -0 0.307035 0.347835
-0.29143 -0.419547 -0 0.316506 0.336595
-0.301903 -0.483261 -0 0.310243 0.333958
-0.29143 -0.419547 -0 0.316506 0.336595
-0.315716 -0.454508 -0 0.31972 0.323801
-0.301903 -0.483261 -0 0.310243 0.333958
-0.301903 -0.483261 -0 0.310243 0.333958
-0.315716 -0.454508 -0 0.31972 0.323801
-0.325127 -0.520436 -0 0.313207 0.32265
-0.315716 -0.454508 -0 0.31972 0.323801
-0.340002 -0.489472 -0 0.323018 0.311275
-0.325127 -0.520436 -0 0.313207 0.32265
-0.243067 -0.432119 -0 0.295217 0.37399
-0.255456 -0.408914 -0 0.303795 0.363206
-0.265166 -0.471406 -0 0.298255 0.358803
-0.255456 -0.408914 -0 0.303795 0.363206
-0.27868 -0.446086 -0 0.307035 0.347835
-0.265166 -0.471406 -0 0.298255 0.358803
-0.265166 -0.471406 -0 0.298255 0.358803
-0.27868 -0.446086 -0 0.307035 0.347835
-0.287263 -0.510689 -0 0.300842 0.345342
-0.27868 -0.446086 -0 0.307035 0.347835
-0.301903 -0.483261 -0 0.310243 0.333958
-0.287263 -0.510689 -0 0.300842 0.345342
-0.287263 -0.510689 -0 0.300842 0.345342
-0.301903 -0.483261 -0 0.310243 0.333958
-0.309359 -0.549972 -0 0.303801 0.332993
-0.301903 -0.483261 -0 0.310243 0.333958
-0.325127 -0.520436 -0 0.313207 0.32265
-0.309359 -0.549972 -0 0.303801 0.332993
-0.209103 -0.412858 -0 0.284372 0.40204
-0.22097 -0.392836 -0 0.292205 0.390663
-0.230014 -0.454144 -0 0.28729 0.384425
-0.22097 -0.392836 -0 0.292205 0.390663
-0.243067 -0.432119 -0 0.295217 0.37399
-0.230014 -0.454144 -0 0.28729 0.384425
-0.230014 -0.454144 -0 0.28729 0.384425
-0.243067 -0.432119 -0 0.295217 0.37399
-0.250923 -0.495431 -0 0.289733 0.369711
-0.243067 -0.432119 -0 0.295217 0.37399
-0.265166 -0.471406 -0 0.298255 0.358803
-0.250923 -0.495431 -0 0.289733 0.369711
-0.250923 -0.495431 -0 0.289733 0.369711
-0.265166 -0.471406 -0 0.298255 0.358803
-0.271834 -0.536717 -0 0.292005 0.357565
-0.265166 -0.471406 -0 0.298255 0.358803
-0.287263 -0.510689 -0 0.300842 0.345342
-0.271834 -0.536717 -0 0.292005 0.357565
-0.271834 -0.536717 -0 0.292005 0.357565
-0.287263 -0.510689 -0 0.300842 0.345342
-0.292745 -0.578003 -0 0.294368 0.345615
-0.287263 -0.510689 -0 0.300842 0.345342
-0.309359 -0.549972 -0 0.303801 0.332993
-0.292745 -0.578003 -0 0.294368 0.345615
-0.196663 -0.431747 -0 0.276703 0.414374
-0.209103 -0.412858 -0 0.284372 0.40204
-0.216328 -0.474922 -0 0.279013 0.397282
-0.209103 -0.412858 -0 0.284372 0.40204
-0.230014 -0.454144 -0 0.28729 0.384425
-0.216328 -0.474922 -0 0.279013 0.397282
-0.216328 -0.474922 -0 0.279013 0.397282
-0.230014 -0.454144 -0 0.28729 0.384425
-0.235995 -0.518097 -0 0.281254 0.382792
-0.230014 -0.454144 -0 0.28729 0.384425
-0.250923 -0.495431 -0 0.289733 0.369711
-0.235995 -0.518097 -0 0.281254 0.382792
-0.235995 -0.518097 -0 0.281254 0.382792
-0.250923 -0.495431 -0 0.289733 0.369711
-0.255661 -0.561272 -0 0.283491 0.369667
-0.250923 -0.495431 -0 0.289733 0.369711
-0.271834 -0.536717 -0 0.292005 0.357565
-0.255661 -0.561272 -0 0.283491 0.369667
-0.255661 -0.561272 -0 0.283491 0.369667
-0.271834 -0.536717 -0 0.292005 0.357565
-0.275328 -0.604447 -0 0.28532 0.358132
-0.271834 -0.536717 -0 0.292005 0.357565
-0.292745 -0.578003 -0 0.294368 0.345615
-0.275328 -0.604447 -0 0.28532 0.358132
-0.165314 -0.404508 -0 0.267635 0.445535
-0.176997 -0.388572 -0 0.27451 0.432929
-0.183683 -0.449453 -0 0.269682 0.426176
-0.176997 -0.388572 -0 0.27451 0.432929
-0.196663 -0.431747 -0 0.276703 0.414374
-0.183683 -0.449453 -0 0.269682 0.426176
-0.183683 -0.449453 -0 0.269682 0.426176
-0.196663 -0.431747 -0 0.276703 0.414374
-0.202052 -0.4944 -0 0.271453 0.4096
-0.196663 -0.431747 -0 0.276703 0.414374
-0.216328 -0.474922 -0 0.279013 0.397282
-0.202052 -0.4944 -0 0.271453 0.4096
-0.202052 -0.4944 -0 0.271453 0.4096
-0.216328 -0.474922 -0 0.279013 0.397282
-0.220419 -0.539344 -0 0.273167 0.395584
-0.216328 -0.474922 -0 0.279013 0.397282
-0.235995 -0.518097 -0 0.281254 0.382792
-0.220419 -0.539344 -0 0.273167 0.395584
-0.220419 -0.539344 -0 0.273167 0.395584
-0.235995 -0.518097 -0 0.281254 0.382792
-0.238787 -0.584289 -0 0.274882 0.382912
-0.235995 -0.518097 -0 0.281254 0.382792
-0.255661 -0.561272 -0 0.283491 0.369667
-0.238787 -0.584289 -0 0.274882 0.382912
-0.238787 -0.584289 -0 0.274882 0.382912
-0.255661 -0.561272 -0 0.283491 0.369667
-0.257156 -0.629236 -0 0.276562 0.371546
-0.255661 -0.561272 -0 0.283491 0.369667
-0.275328 -0.604447 -0 0.28532 0.358132
-0.257156 -0.629236 -0 0.276562 0.371546
-0.15318 -0.419336 -0 0.261076 0.457655
-0.165314 -0.404508 -0 0.267635 0.445535
-0.1702 -0.465928 -0 0.262586 0.4389
-0.165314 -0.404508 -0 0.267635 0.445535
-0.183683 -0.449453 -0 0.269682 0.426176
-0.1702 -0.465928 -0 0.262586 0.4389
-0.1702 -0.465928 -0 0.262586 0.4389
-0.183683 -0.449453 -0 0.269682 0.426176
-0.18722 -0.512522 -0 0.263861 0.422852
-0.183683 -0.449453 -0 0.269682 0.426176
-0.202052 -0.4944 -0 0.271453 0.4096
-0.18722 -0.512522 -0 0.263861 0.422852
-0.18722 -0.512522 -0 0.263861 0.422852
-0.202052 -0.4944 -0 0.271453 0.4096
-0.204239 -0.559114 -0 0.265502 0.408002
-0.202052 -0.4944 -0 0.271453 0.4096
-0.220419 -0.539344 -0 0.273167 0.395584
-0.204239 -0.559114 -0 0.265502 0.408002
-0.204239 -0.559114 -0 0.265502 0.408002
-0.220419 -0.539344 -0 0.273167 0.395584
-0.221259 -0.605706 -0 0.267057 0.395576
-0.220419 -0.539344 -0 0.273167 0.395584
-0.238787 -0.584289 -0 0.274882 0.382912
-0.221259 -0.605706 -0 0.267057 0.395576
-0.221259 -0.605706 -0 0.267057 0.395576
-0.238787 -0.584289 -0 0.274882 0.382912
-0.23828 -0.6523 -0 0.268285 0.384633
-0.238787 -0.584289 -0 0.274882 0.382912
-0.257156 -0.629236 -0 0.276562 0.371546
-0.23828 -0.6523 -0 0.268285 0.384633
-0.15318 -0.419336 -0 0.261076 0.457655
-0.1702 -0.465928 -0 0.262586 0.4389
-0.15625 -0.481125 -0 0.255813 0.452217
-0.15625 -0.481125 -0 0.255813 0.452217
-0.1702 -0.465928 -0 0.262586 0.4389
-0.171875 -0.529239 -0 0.25699 0.43542
-0.1702 -0.465928 -0 0.262586 0.4389
-0.18722 -0.512522 -0 0.263861 0.422852
-0.171875 -0.529239 -0 0.25699 0.43542
-0.171875 -0.529239 -0 0.25699 0.43542
-0.18722 -0.512522 -0 0.263861 0.422852
-0.1875 -0.57735 -0 0.258078 0.422169
-0.18722 -0.512522 -0 0.263861 0.422852
-0.204239 -0.559114 -0 0.265502 0.408002
-0.1875 -0.57735 -0 0.258078 0.422169
-0.1875 -0.57735 -0 0.258078 0.422169
-0.204239 -0.559114 -0 0.265502 0.408002
-0.203125 -0.625464 -0 0.259185 0.410186
-0.204239 -0.559114 -0 0.265502 0.408002
-0.221259 -0.605706 -0 0.267057 0.395576
-0.203125 -0.625464 -0 0.259185 0.410186
-0.203125 -0.625464 -0 0.259185 0.410186
-0.221259 -0.605706 -0 0.267057 0.395576
-0.21875 -0.673575 -0 0.260278 0.39944
-0.221259 -0.605706 -0 0.267057 0.395576
-0.23828 -0.6523 -0 0.268285 0.384633
-0.21875 -0.673575 -0 0.260278 0.39944
-0.141872 -0.495003 -0 0.249223 0.464998
-0.15625 -0.481125 -0 0.255813 0.452217
-0.156059 -0.544503 -0 0.250138 0.44974
-0.15625 -0.481125 -0 0.255813 0.452217
-0.171875 -0.529239 -0 0.25699 0.43542
-0.156059 -0.544503 -0 0.250138 0.44974
-0.156059 -0.544503 -0 0.250138 0.44974
-0.171875 -0.529239 -0 0.25699 0.43542
-0.170247 -0.594006 -0 0.250901 0.435881
-0.171875 -0.529239 -0 0.25699 0.43542
-0.1875 -0.57735 -0 0.258078 0.422169
-0.170247 -0.594006 -0 0.250901 0.435881
-0.170247 -0.594006 -0 0.250901 0.435881
-0.1875 -0.57735 -0 0.258078 0.422169
-0.184434 -0.643506 -0 0.251617 0.424349
-0.1875 -0.57735 -0 0.258078 0.422169
-0.203125 -0.625464 -0 0.259185 0.410186
-0.184434 -0.643506 -0 0.251617 0.424349
-0.184434 -0.643506 -0 0.251617 0.424349
-0.203125 -0.625464 -0 0.259185 0.410186
-0.19862 -0.693006 -0 0.252329 0.414031
-0.203125 -0.625464 -0 0.259185 0.410186
-0.21875 -0.673575 -0 0.260278 0.39944
-0.19862 -0.693006 -0 0.252329 0.414031
-0.127105 -0.507525 -0 0.243213 0.479106
-0.141872 -0.495003 -0 0.249223 0.464998
-0.139816 -0.558278 -0 0.243507 0.464471
-0.141872 -0.495003 -0 0.249223 0.464998
-0.156059 -0.544503 -0 0.250138 0.44974
-0.139816 -0.558278 -0 0.243507 0.464471
-0.139816 -0.558278 -0 0.243507 0.464471
-0.156059 -0.544503 -0 0.250138 0.44974
-0.152526 -0.609031 -0 0.243894 0.451097
-0.156059 -0.544503 -0 0.250138 0.44974
-0.170247 -0.594006 -0 0.250901 0.435881
-0.152526 -0.609031 -0 0.243894 0.451097
-0.152526 -0.609031 -0 0.243894 0.451097
-0.170247 -0.594006 -0 0.250901 0.435881
-0.165238 -0.659783 -0 0.24426 0.439991
-0.170247 -0.594006 -0 0.250901 0.435881
-0.184434 -0.643506 -0 0.251617 0.424349
-0.165238 -0.659783 -0 0.24426 0.439991
-0.165238 -0.659783 -0 0.24426 0.439991
-0.184434 -0.643506 -0 0.251617 0.424349
-0.177947 -0.710536 -0 0.244935 0.428906
-0.184434 -0.643506 -0 0.251617 0.424349
-0.19862 -0.693006 -0 0.252329 0.414031
-0.177947 -0.710536 -0 0.244935 0.428906
-0.11199 -0.518656 -0 0.237223 0.493535
-0.127105 -0.507525 -0 0.243213 0.479106
-0.123189 -0.570522 -0 0.237178 0.479413
-0.127105 -0.507525 -0 0.243213 0.479106
-0.139816 -0.558278 -0 0.243507 0.464471
-0.123189 -0.570522 -0 0.237178 0.479413
-0.123189 -0.570522 -0 0.237178 0.479413
-0.139816 -0.558278 -0 0.243507 0.464471
-0.134388 -0.622386 -0 0.237237 0.466517
-0.139816 -0.558278 -0 0.243507 0.464471
-0.152526 -0.609031 -0 0.243894 0.451097
-0.134388 -0.622386 -0 0.237237 0.466517
-0.134388 -0.622386 -0 0.237237 0.466517
-0.152526 -0.609031 -0 0.243894 0.451097
-0.145587 -0.674253 -0 0.237554 0.454716
-0.152526 -0.609031 -0 0.243894 0.451097
-0.165238 -0.659783 -0 0.24426 0.439991
-0.145587 -0.674253 -0 0.237554 0.454716
-0.145587 -0.674253 -0 0.237554 0.454716
-0.165238 -0.659783 -0 0.24426 0.439991
-0.156786 -0.726119 -0 0.237836 0.44505
-0.165238 -0.659783 -0 0.24426 0.439991
-0.177947 -0.710536 -0 0.244935 0.428906
-0.156786 -0.726119 -0 0.237836 0.44505
-0.156786 -0.726119 -0 0.237836 0.44505
-0.177947 -0.710536 -0 0.244935 0.428906
-0.167984 -0.777983 -0 0.238188 0.435516
-0.0965678 -0.528364 -0 0.231551 0.508002
-0.11199 -0.518656 -0 0.237223 0.493535
-0.106225 -0.5812 -0 0.231213 0.494384
-0.11199 -0.518656 -0 0.237223 0.493535
-0.123189 -0.570522 -0 0.237178 0.479413
-0.106225 -0.5812 -0 0.231213 0.494384
-0.106225 -0.5812 -0 0.231213 0.494384
-0.123189 -0.570522 -0 0.237178 0.479413
-0.115881 -0.634039 -0 0.230986 0.481953
-0.123189 -0.570522 -0 0.237178 0.479413
-0.134388 -0.622386 -0 0.237237 0.466517
-0.115881 -0.634039 -0 0.230986 0.481953
-0.115881 -0.634039 -0 0.230986 0.481953
-0.134388 -0.622386 -0 0.237237 0.466517
-0.125538 -0.686875 -0 0.231007 0.470605
-0.134388 -0.622386 -0 0.237237 0.466517
-0.145587 -0.674253 -0 0.237554 0.454716
-0.125538 -0.686875 -0 0.231007 0.470605
-0.125538 -0.686875 -0 0.231007 0.470605
-0.145587 -0.674253 -0 0.237554 0.454716
-0.135195 -0.739711 -0 0.231018 0.461326
-0.145587 -0.674253 -0 0.237554 0.454716
-0.156786 -0.726119 -0 0.237836 0.44505
-0.135195 -0.739711 -0 0.231018 0.461326
-0.135195 -0.739711 -0 0.231018 0.461326
-0.156786 -0.726119 -0 0.237836 0.44505
-0.144852 -0.792547 -0 0.231097 0.452179
-0.156786 -0.726119 -0 0.237836 0.44505
-0.167984 -0.777983 -0 0.238188 0.435516
-0.144852 -0.792547 -0 0.231097 0.452179
-0.0965678 -0.528364 -0 0.231551 0.508002
-0.106225 -0.5812 -0 0.231213 0.494384
-0.0889691 -0.590289 -0 0.22563 0.510162
-0.0889691 -0.590289 -0 0.22563 0.510162
-0.106225 -0.5812 -0 0.231213 0.494384
-0.0970572 -0.64395 -0 0.22515 0.498172
-0.106225 -0.5812 -0 0.231213 0.494384
-0.115881 -0.634039 -0 0.230986 0.481953
-0.0970572 -0.64395 -0 0.22515 0.498172
-0.0970572 -0.64395 -0 0.22515 0.498172
-0.115881 -0.634039 -0 0.230986 0.481953
-0.105145 -0.697614 -0 0.224759 0.487312
-0.115881 -0.634039 -0 0.230986 0.481953
-0.125538 -0.686875 -0 0.231007 0.470605
-0.105145 -0.697614 -0 0.224759 0.487312
-0.105145 -0.697614 -0 0.224759 0.487312
-0.125538 -0.686875 -0 0.231007 0.470605
-0.113233 -0.751275 -0 0.224577 0.477482
-0.125538 -0.686875 -0 0.231007 0.470605
-0.135195 -0.739711 -0 0.231018 0.461326
-0.113233 -0.751275 -0 0.224577 0.477482
-0.113233 -0.751275 -0 0.224577 0.477482
-0.135195 -0.739711 -0 0.231018 0.461326
-0.121321 -0.804939 -0 0.22438 0.469615
-0.135195 -0.739711 -0 0.231018 0.461326
-0.144852 -0.792547 -0 0.231097 0.452179
-0.121321 -0.804939 -0 0.22438 0.469615
