0.657753 -0.29285 -0 0.654784 0.626541
0.641525 -0.326873 -0 0.661468 0.631043
0.712565 -0.317255 -0 0.653488 0.60368
0.672178 -0.258025 -0 0.647589 0.623129
0.657753 -0.29285 -0 0.654784 0.626541
0.728193 -0.279527 -0 0.646012 0.599747
0.657753 -0.29285 -0 0.654784 0.626541
0.712565 -0.317255 -0 0.653488 0.60368
0.728193 -0.279527 -0 0.646012 0.599747
0.728193 -0.279527 -0 0.646012 0.599747
0.712565 -0.317255 -0 0.653488 0.60368
0.784208 -0.301029 -0 0.644075 0.57687
0.712565 -0.317255 -0 0.653488 0.60368
0.767378 -0.341659 -0 0.65231 0.581348
0.784208 -0.301029 -0 0.644075 0.57687
0.784208 -0.301029 -0 0.644075 0.57687
0.767378 -0.341659 -0 0.65231 0.581348
0.840222 -0.322531 -0 0.642269 0.556323
0.684761 -0.222492 -0 0.640303 0.621015
0.672178 -0.258025 -0 0.647589 0.623129
0.741824 -0.241033 -0 0.638107 0.595473
0.672178 -0.258025 -0 0.647589 0.623129
0.728193 -0.279527 -0 0.646012 0.599747
0.741824 -0.241033 -0 0.638107 0.595473
0.741824 -0.241033 -0 0.638107 0.595473
0.728193 -0.279527 -0 0.646012 0.599747
0.798887 -0.259574 -0 0.635879 0.573487
0.728193 -0.279527 -0 0.646012 0.599747
0.784208 -0.301029 -0 0.644075 0.57687
0.798887 -0.259574 -0 0.635879 0.573487
0.798887 -0.259574 -0 0.635879 0.573487
0.784208 -0.301029 -0 0.644075 0.57687
0.855951 -0.278115 -0 0.633248 0.550989
0.784208 -0.301029 -0 0.644075 0.57687
0.840222 -0.322531 -0 0.642269 0.556323
0.855951 -0.278115 -0 0.633248 0.550989
0.855951 -0.278115 -0 0.633248 0.550989
0.840222 -0.322531 -0 0.642269 0.556323
0.913014 -0.296656 -0 0.630943 0.530985
0.637511 -0.170821 -0 0.6353 0.644652
0.627697 -0.203951 -0 0.642113 0.646557
0.695467 -0.18635 -0 0.632733 0.618495
0.627697 -0.203951 -0 0.642113 0.646557
0.684761 -0.222492 -0 0.640303 0.621015
0.695467 -0.18635 -0 0.632733 0.618495
0.695467 -0.18635 -0 0.632733 0.618495
0.684761 -0.222492 -0 0.640303 0.621015
0.753422 -0.201879 -0 0.630266 0.592352
0.684761 -0.222492 -0 0.640303 0.621015
0.741824 -0.241033 -0 0.638107 0.595473
0.753422 -0.201879 -0 0.630266 0.592352
0.753422 -0.201879 -0 0.630266 0.592352
0.741824 -0.241033 -0 0.638107 0.595473
0.811378 -0.217408 -0 0.627094 0.570028
0.741824 -0.241033 -0 0.638107 0.595473
0.798887 -0.259574 -0 0.635879 0.573487
0.811378 -0.217408 -0 0.627094 0.570028
0.811378 -0.217408 -0 0.627094 0.570028
0.798887 -0.259574 -0 0.635879 0.573487
0.869333 -0.232937 -0 0.624273 0.546872
0.798887 -0.259574 -0 0.635879 0.573487
0.855951 -0.278115 -0 0.633248 0.550989
0.869333 -0.232937 -0 0.624273 0.546872
0.869333 -0.232937 -0 0.624273 0.546872
0.855951 -0.278115 -0 0.633248 0.550989
0.927289 -0.248466 -0 0.621068 0.526433
0.855951 -0.278115 -0 0.633248 0.550989
0.913014 -0.296656 -0 0.630943 0.530985
0.927289 -0.248466 -0 0.621068 0.526433
0.927289 -0.248466 -0 0.621068 0.526433
0.913014 -0.296656 -0 0.630943 0.530985
0.985244 -0.263995 -0 0.618278 0.507294
0.913014 -0.296656 -0 0.630943 0.530985
0.970078 -0.315197 -0 0.628372 0.512278
0.985244 -0.263995 -0 0.618278 0.507294
0.985244 -0.263995 -0 0.618278 0.507294
0.970078 -0.315197 -0 0.628372 0.512278
1.0432 -0.279525 -0 0.615279 0.489601
1.66604 -0.446414 0.0036 0.588992 0.359707
1.64039 -0.532996 0.0036 0.601887 0.367265
1.724 -0.461943 0.0144 0.587534 0.349465
1.64039 -0.532996 0.0036 0.601887 0.367265
1.69746 -0.551537 0.0144 0.600443 0.357082
1.724 -0.461943 0.0144 0.587534 0.349465
1.724 -0.461943 0.0144 0.587534 0.349465
1.69746 -0.551537 0.0144 0.600443 0.357082
1.78195 -0.477473 0.0324 0.586659 0.338295
1.69746 -0.551537 0.0144 0.600443 0.357082
1.75452 -0.570078 0.0324 0.599528 0.345973
1.78195 -0.477473 0.0324 0.586659 0.338295
1.78195 -0.477473 0.0324 0.586659 0.338295
1.75452 -0.570078 0.0324 0.599528 0.345973
1.83991 -0.493002 0.0576 0.585654 0.326002
1.75452 -0.570078 0.0324 0.599528 0.345973
1.81158 -0.588619 0.0576 0.599117 0.334074
1.83991 -0.493002 0.0576 0.585654 0.326002
1.83991 -0.493002 0.0576 0.585654 0.326002
1.81158 -0.588619 0.0576 0.599117 0.334074
1.89786 -0.508531 0.09 0.585094 0.313219
1.81158 -0.588619 0.0576 0.599117 0.334074
1.86865 -0.60716 0.09 0.598646 0.320992
1.89786 -0.508531 0.09 0.585094 0.313219
1.89786 -0.508531 0.09 0.585094 0.313219
1.86865 -0.60716 0.09 0.598646 0.320992
1.95582 -0.52406 0.1296 0.584471 0.299412
1.86865 -0.60716 0.09 0.598646 0.320992
1.92571 -0.625701 0.1296 0.598529 0.307583
1.95582 -0.52406 0.1296 0.584471 0.299412
1.95582 -0.52406 0.1296 0.584471 0.299412
1.92571 -0.625701 0.1296 0.598529 0.307583
2.01377 -0.539589 0.1764 0.584444 0.285068
1.92571 -0.625701 0.1296 0.598529 0.307583
1.98277 -0.644242 0.1764 0.59833 0.29325
2.01377 -0.539589 0.1764 0.584444 0.285068
2.01377 -0.539589 0.1764 0.584444 0.285068
1.98277 -0.644242 0.1764 0.59833 0.29325
2.07173 -0.555118 0.2304 0.584767 0.269344
1.98277 -0.644242 0.1764 0.59833 0.29325
2.03984 -0.662783 0.2304 0.598421 0.277519
2.07173 -0.555118 0.2304 0.584767 0.269344
2.07173 -0.555118 0.2304 0.584767 0.269344
2.03984 -0.662783 0.2304 0.598421 0.277519
2.12969 -0.570647 0.2916 0.584766 0.253521
2.03984 -0.662783 0.2304 0.598421 0.277519
2.0969 -0.681324 0.2916 0.598868 0.261873
2.12969 -0.570647 0.2916 0.584766 0.253521
2.12969 -0.570647 0.2916 0.584766 0.253521
2.0969 -0.681324 0.2916 0.598868 0.261873
2.18764 -0.586177 0.36 0.58444 0.236478
2.0969 -0.681324 0.2916 0.598868 0.261873
2.15396 -0.699865 0.36 0.59907 0.246045
2.18764 -0.586177 0.36 0.58444 0.236478
2.18764 -0.586177 0.36 0.58444 0.236478
2.15396 -0.699865 0.36 0.59907 0.246045
2.2456 -0.601706 0.4356 0.585191 0.220154
2.15396 -0.699865 0.36 0.59907 0.246045
2.21103 -0.718406 0.4356 0.599329 0.22856
2.2456 -0.601706 0.4356 0.585191 0.220154
0.645577 -0.137222 -0 0.627518 0.643988
0.637511 -0.170821 -0 0.6353 0.644652
0.704266 -0.149696 -0 0.624659 0.617269
0.637511 -0.170821 -0 0.6353 0.644652
0.695467 -0.18635 -0 0.632733 0.618495
0.704266 -0.149696 -0 0.624659 0.617269
0.704266 -0.149696 -0 0.624659 0.617269
0.695467 -0.18635 -0 0.632733 0.618495
0.762955 -0.162171 -0 0.62117 0.59081
0.695467 -0.18635 -0 0.632733 0.618495
0.753422 -0.201879 -0 0.630266 0.592352
0.762955 -0.162171 -0 0.62117 0.59081
0.762955 -0.162171 -0 0.62117 0.59081
0.753422 -0.201879 -0 0.630266 0.592352
0.821644 -0.174646 -0 0.61783 0.566246
0.753422 -0.201879 -0 0.630266 0.592352
0.811378 -0.217408 -0 0.627094 0.570028
0.821644 -0.174646 -0 0.61783 0.566246
0.821644 -0.174646 -0 0.61783 0.566246
0.811378 -0.217408 -0 0.627094 0.570028
0.880333 -0.187121 -0 0.614709 0.544184
0.811378 -0.217408 -0 0.627094 0.570028
0.869333 -0.232937 -0 0.624273 0.546872
0.880333 -0.187121 -0 0.614709 0.544184
0.880333 -0.187121 -0 0.614709 0.544184
0.869333 -0.232937 -0 0.624273 0.546872
0.939022 -0.199595 -0 0.611269 0.523293
0.869333 -0.232937 -0 0.624273 0.546872
0.927289 -0.248466 -0 0.621068 0.526433
0.939022 -0.199595 -0 0.611269 0.523293
0.939022 -0.199595 -0 0.611269 0.523293
0.927289 -0.248466 -0 0.621068 0.526433
0.997711 -0.21207 -0 0.607552 0.503737
0.927289 -0.248466 -0 0.621068 0.526433
0.985244 -0.263995 -0 0.618278 0.507294
0.997711 -0.21207 -0 0.607552 0.503737
0.997711 -0.21207 -0 0.607552 0.503737
0.985244 -0.263995 -0 0.618278 0.507294
1.0564 -0.224545 -0 0.604333 0.484043
0.985244 -0.263995 -0 0.618278 0.507294
1.0432 -0.279525 -0 0.615279 0.489601
1.0564 -0.224545 -0 0.604333 0.484043
1.0564 -0.224545 -0 0.604333 0.484043
1.0432 -0.279525 -0 0.615279 0.489601
1.11509 -0.237019 -0 0.600999 0.467516
1.0432 -0.279525 -0 0.615279 0.489601
1.10116 -0.295054 -0 0.612861 0.473438
1.11509 -0.237019 -0 0.600999 0.467516
1.11509 -0.237019 -0 0.600999 0.467516
1.10116 -0.295054 -0 0.612861 0.473438
1.17378 -0.249494 -0 0.598253 0.451113
1.10116 -0.295054 -0 0.612861 0.473438
1.15911 -0.310583 -0 0.609543 0.457253
1.17378 -0.249494 -0 0.598253 0.451113
1.17378 -0.249494 -0 0.598253 0.451113
1.15911 -0.310583 -0 0.609543 0.457253
1.23247 -0.261969 -0 0.595473 0.436336
1.15911 -0.310583 -0 0.609543 0.457253
1.21707 -0.326112 -0 0.6069 0.442694
1.23247 -0.261969 -0 0.595473 0.436336
1.23247 -0.261969 -0 0.595473 0.436336
1.21707 -0.326112 -0 0.6069 0.442694
1.29115 -0.274443 -0 0.591861 0.423155
1.21707 -0.326112 -0 0.6069 0.442694
1.27502 -0.341641 -0 0.604209 0.429778
1.29115 -0.274443 -0 0.591861 0.423155
1.29115 -0.274443 -0 0.591861 0.423155
1.27502 -0.341641 -0 0.604209 0.429778
1.34984 -0.286918 -0 0.5897 0.410364
1.27502 -0.341641 -0 0.604209 0.429778
1.33298 -0.35717 -0 0.601375 0.417035
1.34984 -0.286918 -0 0.5897 0.410364
1.34984 -0.286918 -0 0.5897 0.410364
1.33298 -0.35717 -0 0.601375 0.417035
1.40853 -0.299393 -0 0.586799 0.39907
1.33298 -0.35717 -0 0.601375 0.417035
1.39093 -0.372699 -0 0.599349 0.405963
1.40853 -0.299393 -0 0.586799 0.39907
1.40853 -0.299393 -0 0.586799 0.39907
1.39093 -0.372699 -0 0.599349 0.405963
1.46722 -0.311868 -0 0.583913 0.387761
1.39093 -0.372699 -0 0.599349 0.405963
1.44889 -0.388229 -0 0.596506 0.394864
1.46722 -0.311868 -0 0.583913 0.387761
1.46722 -0.311868 -0 0.583913 0.387761
1.44889 -0.388229 -0 0.596506 0.394864
1.52591 -0.324342 -0 0.581732 0.378478
1.44889 -0.388229 -0 0.596506 0.394864
1.50684 -0.403758 -0 0.594457 0.385524
1.52591 -0.324342 -0 0.581732 0.378478
1.52591 -0.324342 -0 0.581732 0.378478
1.50684 -0.403758 -0 0.594457 0.385524
1.68712 -0.358609 0.0036 0.575399 0.352279
1.50684 -0.403758 -0 0.594457 0.385524
1.66604 -0.446414 0.0036 0.588992 0.359707
1.68712 -0.358609 0.0036 0.575399 0.352279
1.68712 -0.358609 0.0036 0.575399 0.352279
1.66604 -0.446414 0.0036 0.588992 0.359707
1.74581 -0.371083 0.0144 0.573865 0.342151
1.66604 -0.446414 0.0036 0.588992 0.359707
1.724 -0.461943 0.0144 0.587534 0.349465
1.74581 -0.371083 0.0144 0.573865 0.342151
1.74581 -0.371083 0.0144 0.573865 0.342151
1.724 -0.461943 0.0144 0.587534 0.349465
1.8045 -0.383558 0.0324 0.573045 0.330953
1.724 -0.461943 0.0144 0.587534 0.349465
1.78195 -0.477473 0.0324 0.586659 0.338295
1.8045 -0.383558 0.0324 0.573045 0.330953
1.8045 -0.383558 0.0324 0.573045 0.330953
1.78195 -0.477473 0.0324 0.586659 0.338295
1.86319 -0.396033 0.0576 0.571293 0.318498
1.78195 -0.477473 0.0324 0.586659 0.338295
1.83991 -0.493002 0.0576 0.585654 0.326002
1.86319 -0.396033 0.0576 0.571293 0.318498
1.86319 -0.396033 0.0576 0.571293 0.318498
1.83991 -0.493002 0.0576 0.585654 0.326002
1.92188 -0.408507 0.09 0.570961 0.305526
1.83991 -0.493002 0.0576 0.585654 0.326002
1.89786 -0.508531 0.09 0.585094 0.313219
1.92188 -0.408507 0.09 0.570961 0.305526
1.92188 -0.408507 0.09 0.570961 0.305526
1.89786 -0.508531 0.09 0.585094 0.313219
1.98057 -0.420982 0.1296 0.570577 0.291559
1.89786 -0.508531 0.09 0.585094 0.313219
1.95582 -0.52406 0.1296 0.584471 0.299412
1.98057 -0.420982 0.1296 0.570577 0.291559
1.98057 -0.420982 0.1296 0.570577 0.291559
1.95582 -0.52406 0.1296 0.584471 0.299412
2.03925 -0.433457 0.1764 0.569862 0.27723
1.95582 -0.52406 0.1296 0.584471 0.299412
2.01377 -0.539589 0.1764 0.584444 0.285068
2.03925 -0.433457 0.1764 0.569862 0.27723
2.03925 -0.433457 0.1764 0.569862 0.27723
2.01377 -0.539589 0.1764 0.584444 0.285068
2.09794 -0.445932 0.2304 0.569677 0.26136
2.01377 -0.539589 0.1764 0.584444 0.285068
2.07173 -0.555118 0.2304 0.584767 0.269344
2.09794 -0.445932 0.2304 0.569677 0.26136
2.09794 -0.445932 0.2304 0.569677 0.26136
2.07173 -0.555118 0.2304 0.584767 0.269344
2.15663 -0.458406 0.2916 0.569978 0.245583
2.07173 -0.555118 0.2304 0.584767 0.269344
2.12969 -0.570647 0.2916 0.584766 0.253521
2.15663 -0.458406 0.2916 0.569978 0.245583
2.15663 -0.458406 0.2916 0.569978 0.245583
2.12969 -0.570647 0.2916 0.584766 0.253521
2.21532 -0.470881 0.36 0.569975 0.228644
2.12969 -0.570647 0.2916 0.584766 0.253521
2.18764 -0.586177 0.36 0.58444 0.236478
2.21532 -0.470881 0.36 0.569975 0.228644
2.21532 -0.470881 0.36 0.569975 0.228644
2.18764 -0.586177 0.36 0.58444 0.236478
2.27401 -0.483356 0.4356 0.569674 0.210867
2.18764 -0.586177 0.36 0.58444 0.236478
2.2456 -0.601706 0.4356 0.585191 0.220154
2.27401 -0.483356 0.4356 0.569674 0.210867
0.651874 -0.103247 -0 0.619796 0.644637
0.645577 -0.137222 -0 0.627518 0.643988
0.711136 -0.112633 -0 0.616069 0.616027
0.645577 -0.137222 -0 0.627518 0.643988
0.704266 -0.149696 -0 0.624659 0.617269
0.711136 -0.112633 -0 0.616069 0.616027
0.711136 -0.112633 -0 0.616069 0.616027
0.704266 -0.149696 -0 0.624659 0.617269
0.770397 -0.122019 -0 0.612233 0.590522
0.704266 -0.149696 -0 0.624659 0.617269
0.762955 -0.162171 -0 0.62117 0.59081
0.770397 -0.122019 -0 0.612233 0.590522
0.770397 -0.122019 -0 0.612233 0.590522
0.762955 -0.162171 -0 0.62117 0.59081
0.829658 -0.131405 -0 0.608612 0.565513
0.762955 -0.162171 -0 0.62117 0.59081
0.821644 -0.174646 -0 0.61783 0.566246
0.829658 -0.131405 -0 0.608612 0.565513
0.829658 -0.131405 -0 0.608612 0.565513
0.821644 -0.174646 -0 0.61783 0.566246
0.888919 -0.140791 -0 0.604576 0.541357
0.821644 -0.174646 -0 0.61783 0.566246
0.880333 -0.187121 -0 0.614709 0.544184
0.888919 -0.140791 -0 0.604576 0.541357
0.888919 -0.140791 -0 0.604576 0.541357
0.880333 -0.187121 -0 0.614709 0.544184
0.948181 -0.150177 -0 0.600896 0.520026
0.880333 -0.187121 -0 0.614709 0.544184
0.939022 -0.199595 -0 0.611269 0.523293
0.948181 -0.150177 -0 0.600896 0.520026
0.948181 -0.150177 -0 0.600896 0.520026
0.939022 -0.199595 -0 0.611269 0.523293
1.00744 -0.159563 -0 0.59696 0.500063
0.939022 -0.199595 -0 0.611269 0.523293
0.997711 -0.21207 -0 0.607552 0.503737
1.00744 -0.159563 -0 0.59696 0.500063
1.00744 -0.159563 -0 0.59696 0.500063
0.997711 -0.21207 -0 0.607552 0.503737
1.0667 -0.168949 -0 0.593571 0.479997
0.997711 -0.21207 -0 0.607552 0.503737
1.0564 -0.224545 -0 0.604333 0.484043
1.0667 -0.168949 -0 0.593571 0.479997
1.0667 -0.168949 -0 0.593571 0.479997
1.0564 -0.224545 -0 0.604333 0.484043
1.12596 -0.178335 -0 0.589238 0.463187
1.0564 -0.224545 -0 0.604333 0.484043
1.11509 -0.237019 -0 0.600999 0.467516
1.12596 -0.178335 -0 0.589238 0.463187
1.12596 -0.178335 -0 0.589238 0.463187
1.11509 -0.237019 -0 0.600999 0.467516
1.18523 -0.187721 -0 0.586405 0.446459
1.11509 -0.237019 -0 0.600999 0.467516
1.17378 -0.249494 -0 0.598253 0.451113
1.18523 -0.187721 -0 0.586405 0.446459
1.18523 -0.187721 -0 0.586405 0.446459
1.17378 -0.249494 -0 0.598253 0.451113
1.24449 -0.197107 -0 0.582687 0.431387
1.17378 -0.249494 -0 0.598253 0.451113
1.23247 -0.261969 -0 0.595473 0.436336
1.24449 -0.197107 -0 0.582687 0.431387
1.24449 -0.197107 -0 0.582687 0.431387
1.23247 -0.261969 -0 0.595473 0.436336
1.30375 -0.206493 -0 0.579705 0.418223
1.23247 -0.261969 -0 0.595473 0.436336
1.29115 -0.274443 -0 0.591861 0.423155
1.30375 -0.206493 -0 0.579705 0.418223
1.30375 -0.206493 -0 0.579705 0.418223
1.29115 -0.274443 -0 0.591861 0.423155
1.36301 -0.21588 -0 0.576705 0.405093
1.29115 -0.274443 -0 0.591861 0.423155
1.34984 -0.286918 -0 0.5897 0.410364
1.36301 -0.21588 -0 0.576705 0.405093
1.36301 -0.21588 -0 0.576705 0.405093
1.34984 -0.286918 -0 0.5897 0.410364
1.42227 -0.225266 -0 0.573709 0.393696
1.34984 -0.286918 -0 0.5897 0.410364
1.40853 -0.299393 -0 0.586799 0.39907
1.42227 -0.225266 -0 0.573709 0.393696
1.42227 -0.225266 -0 0.573709 0.393696
1.40853 -0.299393 -0 0.586799 0.39907
1.48153 -0.234652 -0 0.570671 0.382425
1.40853 -0.299393 -0 0.586799 0.39907
1.46722 -0.311868 -0 0.583913 0.387761
1.48153 -0.234652 -0 0.570671 0.382425
1.48153 -0.234652 -0 0.570671 0.382425
1.46722 -0.311868 -0 0.583913 0.387761
1.54079 -0.244038 -0 0.568516 0.37296
1.46722 -0.311868 -0 0.583913 0.387761
1.52591 -0.324342 -0 0.581732 0.378478
1.54079 -0.244038 -0 0.568516 0.37296
1.54079 -0.244038 -0 0.568516 0.37296
1.52591 -0.324342 -0 0.581732 0.378478
1.70358 -0.26982 0.0036 0.562012 0.346807
1.52591 -0.324342 -0 0.581732 0.378478
1.68712 -0.358609 0.0036 0.575399 0.352279
1.70358 -0.26982 0.0036 0.562012 0.346807
1.70358 -0.26982 0.0036 0.562012 0.346807
1.68712 -0.358609 0.0036 0.575399 0.352279
1.76284 -0.279206 0.0144 0.559723 0.33639
1.68712 -0.358609 0.0036 0.575399 0.352279
1.74581 -0.371083 0.0144 0.573865 0.342151
1.76284 -0.279206 0.0144 0.559723 0.33639
1.76284 -0.279206 0.0144 0.559723 0.33639
1.74581 -0.371083 0.0144 0.573865 0.342151
1.8221 -0.288592 0.0324 0.558132 0.325017
1.74581 -0.371083 0.0144 0.573865 0.342151
1.8045 -0.383558 0.0324 0.573045 0.330953
1.8221 -0.288592 0.0324 0.558132 0.325017
1.8221 -0.288592 0.0324 0.558132 0.325017
1.8045 -0.383558 0.0324 0.573045 0.330953
1.88136 -0.297978 0.0576 0.557222 0.312823
1.8045 -0.383558 0.0324 0.573045 0.330953
1.86319 -0.396033 0.0576 0.571293 0.318498
1.88136 -0.297978 0.0576 0.557222 0.312823
1.88136 -0.297978 0.0576 0.557222 0.312823
1.86319 -0.396033 0.0576 0.571293 0.318498
1.94062 -0.307364 0.09 0.556281 0.299534
1.86319 -0.396033 0.0576 0.571293 0.318498
1.92188 -0.408507 0.09 0.570961 0.305526
1.94062 -0.307364 0.09 0.556281 0.299534
1.94062 -0.307364 0.09 0.556281 0.299534
1.92188 -0.408507 0.09 0.570961 0.305526
1.99988 -0.31675 0.1296 0.555901 0.284432
1.92188 -0.408507 0.09 0.570961 0.305526
1.98057 -0.420982 0.1296 0.570577 0.291559
1.99988 -0.31675 0.1296 0.555901 0.284432
1.99988 -0.31675 0.1296 0.555901 0.284432
1.98057 -0.420982 0.1296 0.570577 0.291559
2.05914 -0.326136 0.1764 0.55547 0.270004
1.98057 -0.420982 0.1296 0.570577 0.291559
2.03925 -0.433457 0.1764 0.569862 0.27723
2.05914 -0.326136 0.1764 0.55547 0.270004
2.05914 -0.326136 0.1764 0.55547 0.270004
2.03925 -0.433457 0.1764 0.569862 0.27723
2.11841 -0.335523 0.2304 0.554738 0.254052
2.03925 -0.433457 0.1764 0.569862 0.27723
2.09794 -0.445932 0.2304 0.569677 0.26136
2.11841 -0.335523 0.2304 0.554738 0.254052
2.11841 -0.335523 0.2304 0.554738 0.254052
2.09794 -0.445932 0.2304 0.569677 0.26136
2.17767 -0.344909 0.2916 0.554666 0.238023
2.09794 -0.445932 0.2304 0.569677 0.26136
2.15663 -0.458406 0.2916 0.569978 0.245583
2.17767 -0.344909 0.2916 0.554666 0.238023
2.17767 -0.344909 0.2916 0.554666 0.238023
2.15663 -0.458406 0.2916 0.569978 0.245583
2.23693 -0.354295 0.36 0.55426 0.221037
2.15663 -0.458406 0.2916 0.569978 0.245583
2.21532 -0.470881 0.36 0.569975 0.228644
2.23693 -0.354295 0.36 0.55426 0.221037
2.23693 -0.354295 0.36 0.55426 0.221037
2.21532 -0.470881 0.36 0.569975 0.228644
2.29619 -0.363681 0.4356 0.554368 0.203433
2.21532 -0.470881 0.36 0.569975 0.228644
2.27401 -0.483356 0.4356 0.569674 0.210867
2.29619 -0.363681 0.4356 0.554368 0.203433
0.656384 -0.0689888 -0 0.611696 0.645213
0.651874 -0.103247 -0 0.619796 0.644637
0.716056 -0.0752605 -0 0.606896 0.616271
0.651874 -0.103247 -0 0.619796 0.644637
0.711136 -0.112633 -0 0.616069 0.616027
0.716056 -0.0752605 -0 0.606896 0.616271
0.716056 -0.0752605 -0 0.606896 0.616271
0.711136 -0.112633 -0 0.616069 0.616027
0.775727 -0.0815322 -0 0.602857 0.590078
0.711136 -0.112633 -0 0.616069 0.616027
0.770397 -0.122019 -0 0.612233 0.590522
0.775727 -0.0815322 -0 0.602857 0.590078
0.775727 -0.0815322 -0 0.602857 0.590078
0.770397 -0.122019 -0 0.612233 0.590522
0.835398 -0.0878039 -0 0.598196 0.564649
0.770397 -0.122019 -0 0.612233 0.590522
0.829658 -0.131405 -0 0.608612 0.565513
0.835398 -0.0878039 -0 0.598196 0.564649
0.835398 -0.0878039 -0 0.598196 0.564649
0.829658 -0.131405 -0 0.608612 0.565513
0.89507 -0.0940756 -0 0.593841 0.540077
0.829658 -0.131405 -0 0.608612 0.565513
0.888919 -0.140791 -0 0.604576 0.541357
0.89507 -0.0940756 -0 0.593841 0.540077
0.89507 -0.0940756 -0 0.593841 0.540077
0.888919 -0.140791 -0 0.604576 0.541357
0.954741 -0.100347 -0 0.589946 0.518319
0.888919 -0.140791 -0 0.604576 0.541357
0.948181 -0.150177 -0 0.600896 0.520026
0.954741 -0.100347 -0 0.589946 0.518319
0.954741 -0.100347 -0 0.589946 0.518319
0.948181 -0.150177 -0 0.600896 0.520026
1.01441 -0.106619 -0 0.585766 0.496336
0.948181 -0.150177 -0 0.600896 0.520026
1.00744 -0.159563 -0 0.59696 0.500063
1.01441 -0.106619 -0 0.585766 0.496336
1.01441 -0.106619 -0 0.585766 0.496336
1.00744 -0.159563 -0 0.59696 0.500063
1.07408 -0.112891 -0 0.581405 0.477573
1.00744 -0.159563 -0 0.59696 0.500063
1.0667 -0.168949 -0 0.593571 0.479997
1.07408 -0.112891 -0 0.581405 0.477573
1.07408 -0.112891 -0 0.581405 0.477573
1.0667 -0.168949 -0 0.593571 0.479997
1.13375 -0.119162 -0 0.577716 0.460558
1.0667 -0.168949 -0 0.593571 0.479997
1.12596 -0.178335 -0 0.589238 0.463187
1.13375 -0.119162 -0 0.577716 0.460558
1.13375 -0.119162 -0 0.577716 0.460558
1.12596 -0.178335 -0 0.589238 0.463187
1.19343 -0.125434 -0 0.573927 0.443543
1.12596 -0.178335 -0 0.589238 0.463187
1.18523 -0.187721 -0 0.586405 0.446459
1.19343 -0.125434 -0 0.573927 0.443543
1.19343 -0.125434 -0 0.573927 0.443543
1.18523 -0.187721 -0 0.586405 0.446459
1.2531 -0.131706 -0 0.57003 0.428371
1.18523 -0.187721 -0 0.586405 0.446459
1.24449 -0.197107 -0 0.582687 0.431387
1.2531 -0.131706 -0 0.57003 0.428371
1.2531 -0.131706 -0 0.57003 0.428371
1.24449 -0.197107 -0 0.582687 0.431387
1.31277 -0.137978 -0 0.566086 0.413256
1.24449 -0.197107 -0 0.582687 0.431387
1.30375 -0.206493 -0 0.579705 0.418223
1.31277 -0.137978 -0 0.566086 0.413256
1.31277 -0.137978 -0 0.566086 0.413256
1.30375 -0.206493 -0 0.579705 0.418223
1.37244 -0.144249 -0 0.563053 0.401646
1.30375 -0.206493 -0 0.579705 0.418223
1.36301 -0.21588 -0 0.576705 0.405093
1.37244 -0.144249 -0 0.563053 0.401646
1.37244 -0.144249 -0 0.563053 0.401646
1.36301 -0.21588 -0 0.576705 0.405093
1.43211 -0.150521 -0 0.559929 0.388561
1.36301 -0.21588 -0 0.576705 0.405093
1.42227 -0.225266 -0 0.573709 0.393696
1.43211 -0.150521 -0 0.559929 0.388561
1.43211 -0.150521 -0 0.559929 0.388561
1.42227 -0.225266 -0 0.573709 0.393696
1.49178 -0.156793 -0 0.556883 0.377144
1.42227 -0.225266 -0 0.573709 0.393696
1.48153 -0.234652 -0 0.570671 0.382425
1.49178 -0.156793 -0 0.556883 0.377144
1.49178 -0.156793 -0 0.556883 0.377144
1.48153 -0.234652 -0 0.570671 0.382425
1.55145 -0.163064 -0 0.554645 0.367752
1.48153 -0.234652 -0 0.570671 0.382425
1.54079 -0.244038 -0 0.568516 0.37296
1.55145 -0.163064 -0 0.554645 0.367752
1.55145 -0.163064 -0 0.554645 0.367752
1.54079 -0.244038 -0 0.568516 0.37296
1.71536 -0.180292 0.0036 0.547272 0.34137
1.54079 -0.244038 -0 0.568516 0.37296
1.70358 -0.26982 0.0036 0.562012 0.346807
1.71536 -0.180292 0.0036 0.547272 0.34137
1.71536 -0.180292 0.0036 0.547272 0.34137
1.70358 -0.26982 0.0036 0.562012 0.346807
1.77503 -0.186564 0.0144 0.545823 0.331195
1.70358 -0.26982 0.0036 0.562012 0.346807
1.76284 -0.279206 0.0144 0.559723 0.33639
1.77503 -0.186564 0.0144 0.545823 0.331195
1.77503 -0.186564 0.0144 0.545823 0.331195
1.76284 -0.279206 0.0144 0.559723 0.33639
1.83471 -0.192835 0.0324 0.543481 0.3196
1.76284 -0.279206 0.0144 0.559723 0.33639
1.8221 -0.288592 0.0324 0.558132 0.325017
1.83471 -0.192835 0.0324 0.543481 0.3196
1.83471 -0.192835 0.0324 0.543481 0.3196
1.8221 -0.288592 0.0324 0.558132 0.325017
1.89438 -0.199107 0.0576 0.542769 0.30727
1.8221 -0.288592 0.0324 0.558132 0.325017
1.88136 -0.297978 0.0576 0.557222 0.312823
1.89438 -0.199107 0.0576 0.542769 0.30727
1.89438 -0.199107 0.0576 0.542769 0.30727
1.88136 -0.297978 0.0576 0.557222 0.312823
1.95405 -0.205379 0.09 0.541833 0.292797
1.88136 -0.297978 0.0576 0.557222 0.312823
1.94062 -0.307364 0.09 0.556281 0.299534
1.95405 -0.205379 0.09 0.541833 0.292797
1.95405 -0.205379 0.09 0.541833 0.292797
1.94062 -0.307364 0.09 0.556281 0.299534
2.01372 -0.211651 0.1296 0.54087 0.278911
1.94062 -0.307364 0.09 0.556281 0.299534
1.99988 -0.31675 0.1296 0.555901 0.284432
2.01372 -0.211651 0.1296 0.54087 0.278911
2.01372 -0.211651 0.1296 0.54087 0.278911
1.99988 -0.31675 0.1296 0.555901 0.284432
2.07339 -0.217922 0.1764 0.539748 0.263178
1.99988 -0.31675 0.1296 0.555901 0.284432
2.05914 -0.326136 0.1764 0.55547 0.270004
2.07339 -0.217922 0.1764 0.539748 0.263178
2.07339 -0.217922 0.1764 0.539748 0.263178
2.05914 -0.326136 0.1764 0.55547 0.270004
2.13306 -0.224194 0.2304 0.539297 0.247338
2.05914 -0.326136 0.1764 0.55547 0.270004
2.11841 -0.335523 0.2304 0.554738 0.254052
2.13306 -0.224194 0.2304 0.539297 0.247338
2.13306 -0.224194 0.2304 0.539297 0.247338
2.11841 -0.335523 0.2304 0.554738 0.254052
2.19273 -0.230466 0.2916 0.538733 0.231301
2.11841 -0.335523 0.2304 0.554738 0.254052
2.17767 -0.344909 0.2916 0.554666 0.238023
2.19273 -0.230466 0.2916 0.538733 0.231301
2.19273 -0.230466 0.2916 0.538733 0.231301
2.17767 -0.344909 0.2916 0.554666 0.238023
2.25241 -0.236737 0.36 0.538784 0.214332
2.17767 -0.344909 0.2916 0.554666 0.238023
2.23693 -0.354295 0.36 0.55426 0.221037
2.25241 -0.236737 0.36 0.538784 0.214332
2.25241 -0.236737 0.36 0.538784 0.214332
2.23693 -0.354295 0.36 0.55426 0.221037
2.31208 -0.243009 0.4356 0.538477 0.196904
2.23693 -0.354295 0.36 0.55426 0.221037
2.29619 -0.363681 0.4356 0.554368 0.203433
2.31208 -0.243009 0.4356 0.538477 0.196904
2.31208 -0.243009 0.4356 0.538477 0.196904
2.29619 -0.363681 0.4356 0.554368 0.203433
2.37175 -0.249281 0.5184 0.538719 0.179209
0.659095 -0.0345417 -0 0.603138 0.647173
0.656384 -0.0689888 -0 0.611696 0.645213
0.719013 -0.0376819 -0 0.597998 0.617767
0.656384 -0.0689888 -0 0.611696 0.645213
0.716056 -0.0752605 -0 0.606896 0.616271
0.719013 -0.0376819 -0 0.597998 0.617767
0.719013 -0.0376819 -0 0.597998 0.617767
0.716056 -0.0752605 -0 0.606896 0.616271
0.778931 -0.040822 -0 0.592912 0.589685
0.716056 -0.0752605 -0 0.606896 0.616271
0.775727 -0.0815322 -0 0.602857 0.590078
0.778931 -0.040822 -0 0.592912 0.589685
0.778931 -0.040822 -0 0.592912 0.589685
0.775727 -0.0815322 -0 0.602857 0.590078
0.838849 -0.0439622 -0 0.587979 0.563702
0.775727 -0.0815322 -0 0.602857 0.590078
0.835398 -0.0878039 -0 0.598196 0.564649
0.838849 -0.0439622 -0 0.587979 0.563702
0.838849 -0.0439622 -0 0.587979 0.563702
0.835398 -0.0878039 -0 0.598196 0.564649
0.898767 -0.0471024 -0 0.583375 0.538668
0.835398 -0.0878039 -0 0.598196 0.564649
0.89507 -0.0940756 -0 0.593841 0.540077
0.898767 -0.0471024 -0 0.583375 0.538668
0.898767 -0.0471024 -0 0.583375 0.538668
0.89507 -0.0940756 -0 0.593841 0.540077
0.958684 -0.0502425 -0 0.578417 0.516564
0.89507 -0.0940756 -0 0.593841 0.540077
0.954741 -0.100347 -0 0.589946 0.518319
0.958684 -0.0502425 -0 0.578417 0.516564
0.958684 -0.0502425 -0 0.578417 0.516564
0.954741 -0.100347 -0 0.589946 0.518319
1.0186 -0.0533827 -0 0.573181 0.494176
0.954741 -0.100347 -0 0.589946 0.518319
1.01441 -0.106619 -0 0.585766 0.496336
1.0186 -0.0533827 -0 0.573181 0.494176
1.0186 -0.0533827 -0 0.573181 0.494176
1.01441 -0.106619 -0 0.585766 0.496336
1.07852 -0.0565228 -0 0.569478 0.475191
1.01441 -0.106619 -0 0.585766 0.496336
1.07408 -0.112891 -0 0.581405 0.477573
1.07852 -0.0565228 -0 0.569478 0.475191
1.07852 -0.0565228 -0 0.569478 0.475191
1.07408 -0.112891 -0 0.581405 0.477573
1.13844 -0.059663 -0 0.564796 0.457856
1.07408 -0.112891 -0 0.581405 0.477573
1.13375 -0.119162 -0 0.577716 0.460558
1.13844 -0.059663 -0 0.564796 0.457856
1.13844 -0.059663 -0 0.564796 0.457856
1.13375 -0.119162 -0 0.577716 0.460558
1.19836 -0.0628031 -0 0.560849 0.440694
1.13375 -0.119162 -0 0.577716 0.460558
1.19343 -0.125434 -0 0.573927 0.443543
1.19836 -0.0628031 -0 0.560849 0.440694
1.19836 -0.0628031 -0 0.560849 0.440694
1.19343 -0.125434 -0 0.573927 0.443543
1.25827 -0.0659433 -0 0.556879 0.425299
1.19343 -0.125434 -0 0.573927 0.443543
1.2531 -0.131706 -0 0.57003 0.428371
1.25827 -0.0659433 -0 0.556879 0.425299
1.25827 -0.0659433 -0 0.556879 0.425299
1.2531 -0.131706 -0 0.57003 0.428371
1.31819 -0.0690835 -0 0.552842 0.410061
1.2531 -0.131706 -0 0.57003 0.428371
1.31277 -0.137978 -0 0.566086 0.413256
1.31819 -0.0690835 -0 0.552842 0.410061
1.31819 -0.0690835 -0 0.552842 0.410061
1.31277 -0.137978 -0 0.566086 0.413256
1.37811 -0.0722236 -0 0.549709 0.396739
1.31277 -0.137978 -0 0.566086 0.413256
1.37244 -0.144249 -0 0.563053 0.401646
1.37811 -0.0722236 -0 0.549709 0.396739
1.37811 -0.0722236 -0 0.549709 0.396739
1.37244 -0.144249 -0 0.563053 0.401646
1.43803 -0.0753638 -0 0.545677 0.385136
1.37244 -0.144249 -0 0.563053 0.401646
1.43211 -0.150521 -0 0.559929 0.388561
1.43803 -0.0753638 -0 0.545677 0.385136
1.43803 -0.0753638 -0 0.545677 0.385136
1.43211 -0.150521 -0 0.559929 0.388561
1.49794 -0.0785039 -0 0.542539 0.373782
1.43211 -0.150521 -0 0.559929 0.388561
1.49178 -0.156793 -0 0.556883 0.377144
1.49794 -0.0785039 -0 0.542539 0.373782
1.49794 -0.0785039 -0 0.542539 0.373782
1.49178 -0.156793 -0 0.556883 0.377144
1.55786 -0.0816441 -0 0.539389 0.362611
1.49178 -0.156793 -0 0.556883 0.377144
1.55145 -0.163064 -0 0.554645 0.367752
1.55786 -0.0816441 -0 0.539389 0.362611
1.55786 -0.0816441 -0 0.539389 0.362611
1.55145 -0.163064 -0 0.554645 0.367752
1.72245 -0.0902697 0.0036 0.532976 0.337901
1.55145 -0.163064 -0 0.554645 0.367752
1.71536 -0.180292 0.0036 0.547272 0.34137
1.72245 -0.0902697 0.0036 0.532976 0.337901
1.72245 -0.0902697 0.0036 0.532976 0.337901
1.71536 -0.180292 0.0036 0.547272 0.34137
1.78237 -0.0934099 0.0144 0.530639 0.32616
1.71536 -0.180292 0.0036 0.547272 0.34137
1.77503 -0.186564 0.0144 0.545823 0.331195
1.78237 -0.0934099 0.0144 0.530639 0.32616
1.78237 -0.0934099 0.0144 0.530639 0.32616
1.77503 -0.186564 0.0144 0.545823 0.331195
1.84228 -0.09655 0.0324 0.528359 0.314637
1.77503 -0.186564 0.0144 0.545823 0.331195
1.83471 -0.192835 0.0324 0.543481 0.3196
1.84228 -0.09655 0.0324 0.528359 0.314637
1.84228 -0.09655 0.0324 0.528359 0.314637
1.83471 -0.192835 0.0324 0.543481 0.3196
1.9022 -0.0996902 0.0576 0.526837 0.302332
1.83471 -0.192835 0.0324 0.543481 0.3196
1.89438 -0.199107 0.0576 0.542769 0.30727
1.9022 -0.0996902 0.0576 0.526837 0.302332
1.9022 -0.0996902 0.0576 0.526837 0.302332
1.89438 -0.199107 0.0576 0.542769 0.30727
1.96212 -0.10283 0.09 0.526151 0.287799
1.89438 -0.199107 0.0576 0.542769 0.30727
1.95405 -0.205379 0.09 0.541833 0.292797
1.96212 -0.10283 0.09 0.526151 0.287799
1.96212 -0.10283 0.09 0.526151 0.287799
1.95405 -0.205379 0.09 0.541833 0.292797
2.02204 -0.10597 0.1296 0.525396 0.273962
1.95405 -0.205379 0.09 0.541833 0.292797
2.01372 -0.211651 0.1296 0.54087 0.278911
2.02204 -0.10597 0.1296 0.525396 0.273962
2.02204 -0.10597 0.1296 0.525396 0.273962
2.01372 -0.211651 0.1296 0.54087 0.278911
2.08196 -0.109111 0.1764 0.524517 0.258319
2.01372 -0.211651 0.1296 0.54087 0.278911
2.07339 -0.217922 0.1764 0.539748 0.263178
2.08196 -0.109111 0.1764 0.524517 0.258319
2.08196 -0.109111 0.1764 0.524517 0.258319
2.07339 -0.217922 0.1764 0.539748 0.263178
2.14187 -0.112251 0.2304 0.523517 0.242445
2.07339 -0.217922 0.1764 0.539748 0.263178
2.13306 -0.224194 0.2304 0.539297 0.247338
2.14187 -0.112251 0.2304 0.523517 0.242445
2.14187 -0.112251 0.2304 0.523517 0.242445
2.13306 -0.224194 0.2304 0.539297 0.247338
2.20179 -0.115391 0.2916 0.523229 0.225441
2.13306 -0.224194 0.2304 0.539297 0.247338
2.19273 -0.230466 0.2916 0.538733 0.231301
2.20179 -0.115391 0.2916 0.523229 0.225441
2.20179 -0.115391 0.2916 0.523229 0.225441
2.19273 -0.230466 0.2916 0.538733 0.231301
2.26171 -0.118531 0.36 0.522853 0.208552
2.19273 -0.230466 0.2916 0.538733 0.231301
2.25241 -0.236737 0.36 0.538784 0.214332
2.26171 -0.118531 0.36 0.522853 0.208552
2.26171 -0.118531 0.36 0.522853 0.208552
2.25241 -0.236737 0.36 0.538784 0.214332
2.32163 -0.121671 0.4356 0.522225 0.191193
2.25241 -0.236737 0.36 0.538784 0.214332
2.31208 -0.243009 0.4356 0.538477 0.196904
2.32163 -0.121671 0.4356 0.522225 0.191193
2.32163 -0.121671 0.4356 0.522225 0.191193
2.31208 -0.243009 0.4356 0.538477 0.196904
2.38154 -0.124811 0.5184 0.522232 0.172643
2.31208 -0.243009 0.4356 0.538477 0.196904
2.37175 -0.249281 0.5184 0.538719 0.179209
2.38154 -0.124811 0.5184 0.522232 0.172643
0.66 -4.04133e-17 -0 0.594192 0.649075
0.659095 -0.0345417 -0 0.603138 0.647173
0.72 -4.40873e-17 -0 0.588698 0.619209
0.659095 -0.0345417 -0 0.603138 0.647173
0.719013 -0.0376819 -0 0.597998 0.617767
0.72 -4.40873e-17 -0 0.588698 0.619209
0.72 -4.40873e-17 -0 0.588698 0.619209
0.719013 -0.0376819 -0 0.597998 0.617767
0.78 -4.77612e-17 -0 0.58248 0.590757
0.719013 -0.0376819 -0 0.597998 0.617767
0.778931 -0.040822 -0 0.592912 0.589685
0.78 -4.77612e-17 -0 0.58248 0.590757
0.78 -4.77612e-17 -0 0.58248 0.590757
0.778931 -0.040822 -0 0.592912 0.589685
0.84 -5.14352e-17 -0 0.577226 0.56439
0.778931 -0.040822 -0 0.592912 0.589685
0.838849 -0.0439622 -0 0.587979 0.563702
0.84 -5.14352e-17 -0 0.577226 0.56439
0.84 -5.14352e-17 -0 0.577226 0.56439
0.838849 -0.0439622 -0 0.587979 0.563702
0.9 -5.51091e-17 -0 0.571535 0.538943
0.838849 -0.0439622 -0 0.587979 0.563702
0.898767 -0.0471024 -0 0.583375 0.538668
0.9 -5.51091e-17 -0 0.571535 0.538943
0.9 -5.51091e-17 -0 0.571535 0.538943
0.898767 -0.0471024 -0 0.583375 0.538668
0.96 -5.8783e-17 -0 0.566334 0.516494
0.898767 -0.0471024 -0 0.583375 0.538668
0.958684 -0.0502425 -0 0.578417 0.516564
0.96 -5.8783e-17 -0 0.566334 0.516494
0.96 -5.8783e-17 -0 0.566334 0.516494
0.958684 -0.0502425 -0 0.578417 0.516564
1.02 -6.2457e-17 -0 0.560873 0.493797
0.958684 -0.0502425 -0 0.578417 0.516564
1.0186 -0.0533827 -0 0.573181 0.494176
1.02 -6.2457e-17 -0 0.560873 0.493797
1.02 -6.2457e-17 -0 0.560873 0.493797
1.0186 -0.0533827 -0 0.573181 0.494176
1.08 -6.61309e-17 -0 0.556149 0.4745
1.0186 -0.0533827 -0 0.573181 0.494176
1.07852 -0.0565228 -0 0.569478 0.475191
1.08 -6.61309e-17 -0 0.556149 0.4745
1.08 -6.61309e-17 -0 0.556149 0.4745
1.07852 -0.0565228 -0 0.569478 0.475191
1.14 -6.98049e-17 -0 0.551289 0.455224
1.07852 -0.0565228 -0 0.569478 0.475191
1.13844 -0.059663 -0 0.564796 0.457856
1.14 -6.98049e-17 -0 0.551289 0.455224
1.14 -6.98049e-17 -0 0.551289 0.455224
1.13844 -0.059663 -0 0.564796 0.457856
1.2 -7.34788e-17 -0 0.547246 0.437889
1.13844 -0.059663 -0 0.564796 0.457856
1.19836 -0.0628031 -0 0.560849 0.440694
1.2 -7.34788e-17 -0 0.547246 0.437889
1.2 -7.34788e-17 -0 0.547246 0.437889
1.19836 -0.0628031 -0 0.560849 0.440694
1.26 -7.71527e-17 -0 0.542255 0.422318
1.19836 -0.0628031 -0 0.560849 0.440694
1.25827 -0.0659433 -0 0.556879 0.425299
1.26 -7.71527e-17 -0 0.542255 0.422318
1.26 -7.71527e-17 -0 0.542255 0.422318
1.25827 -0.0659433 -0 0.556879 0.425299
1.32 -8.08267e-17 -0 0.539124 0.408726
1.25827 -0.0659433 -0 0.556879 0.425299
1.31819 -0.0690835 -0 0.552842 0.410061
1.32 -8.08267e-17 -0 0.539124 0.408726
1.32 -8.08267e-17 -0 0.539124 0.408726
1.31819 -0.0690835 -0 0.552842 0.410061
1.38 -8.45006e-17 -0 0.535025 0.395256
1.31819 -0.0690835 -0 0.552842 0.410061
1.37811 -0.0722236 -0 0.549709 0.396739
1.38 -8.45006e-17 -0 0.535025 0.395256
1.38 -8.45006e-17 -0 0.535025 0.395256
1.37811 -0.0722236 -0 0.549709 0.396739
1.44 -8.81746e-17 -0 0.530906 0.381997
1.37811 -0.0722236 -0 0.549709 0.396739
1.43803 -0.0753638 -0 0.545677 0.385136
1.44 -8.81746e-17 -0 0.530906 0.381997
1.44 -8.81746e-17 -0 0.530906 0.381997
1.43803 -0.0753638 -0 0.545677 0.385136
1.5 -9.18485e-17 -0 0.527762 0.370637
1.43803 -0.0753638 -0 0.545677 0.385136
1.49794 -0.0785039 -0 0.542539 0.373782
1.5 -9.18485e-17 -0 0.527762 0.370637
1.5 -9.18485e-17 -0 0.527762 0.370637
1.49794 -0.0785039 -0 0.542539 0.373782
1.56 -9.55224e-17 -0 0.524578 0.359548
1.49794 -0.0785039 -0 0.542539 0.373782
1.55786 -0.0816441 -0 0.539389 0.362611
1.56 -9.55224e-17 -0 0.524578 0.359548
1.56 -9.55224e-17 -0 0.524578 0.359548
1.55786 -0.0816441 -0 0.539389 0.362611
1.72481 -1.05614e-16 0.0036 0.517265 0.333367
1.55786 -0.0816441 -0 0.539389 0.362611
1.72245 -0.0902697 0.0036 0.532976 0.337901
1.72481 -1.05614e-16 0.0036 0.517265 0.333367
1.72481 -1.05614e-16 0.0036 0.517265 0.333367
1.72245 -0.0902697 0.0036 0.532976 0.337901
1.78481 -1.09288e-16 0.0144 0.515097 0.323066
1.72245 -0.0902697 0.0036 0.532976 0.337901
1.78237 -0.0934099 0.0144 0.530639 0.32616
1.78481 -1.09288e-16 0.0144 0.515097 0.323066
1.78481 -1.09288e-16 0.0144 0.515097 0.323066
1.78237 -0.0934099 0.0144 0.530639 0.32616
1.84481 -1.12962e-16 0.0324 0.512871 0.311669
1.78237 -0.0934099 0.0144 0.530639 0.32616
1.84228 -0.09655 0.0324 0.528359 0.314637
1.84481 -1.12962e-16 0.0324 0.512871 0.311669
1.84481 -1.12962e-16 0.0324 0.512871 0.311669
1.84228 -0.09655 0.0324 0.528359 0.314637
1.90481 -1.16636e-16 0.0576 0.511508 0.297946
1.84228 -0.09655 0.0324 0.528359 0.314637
1.9022 -0.0996902 0.0576 0.526837 0.302332
1.90481 -1.16636e-16 0.0576 0.511508 0.297946
1.90481 -1.16636e-16 0.0576 0.511508 0.297946
1.9022 -0.0996902 0.0576 0.526837 0.302332
1.96481 -1.2031e-16 0.09 0.510154 0.284733
1.9022 -0.0996902 0.0576 0.526837 0.302332
1.96212 -0.10283 0.09 0.526151 0.287799
1.96481 -1.2031e-16 0.09 0.510154 0.284733
1.96481 -1.2031e-16 0.09 0.510154 0.284733
1.96212 -0.10283 0.09 0.526151 0.287799
2.02481 -1.23984e-16 0.1296 0.508703 0.269597
1.96212 -0.10283 0.09 0.526151 0.287799
2.02204 -0.10597 0.1296 0.525396 0.273962
2.02481 -1.23984e-16 0.1296 0.508703 0.269597
2.02481 -1.23984e-16 0.1296 0.508703 0.269597
2.02204 -0.10597 0.1296 0.525396 0.273962
2.08481 -1.27658e-16 0.1764 0.508109 0.254061
2.02204 -0.10597 0.1296 0.525396 0.273962
2.08196 -0.109111 0.1764 0.524517 0.258319
2.08481 -1.27658e-16 0.1764 0.508109 0.254061
2.08481 -1.27658e-16 0.1764 0.508109 0.254061
2.08196 -0.109111 0.1764 0.524517 0.258319
2.14481 -1.31332e-16 0.2304 0.507473 0.238225
2.08196 -0.109111 0.1764 0.524517 0.258319
2.14187 -0.112251 0.2304 0.523517 0.242445
2.14481 -1.31332e-16 0.2304 0.507473 0.238225
2.14481 -1.31332e-16 0.2304 0.507473 0.238225
2.14187 -0.112251 0.2304 0.523517 0.242445
2.20481 -1.35006e-16 0.2916 0.506724 0.221268
2.14187 -0.112251 0.2304 0.523517 0.242445
2.20179 -0.115391 0.2916 0.523229 0.225441
2.20481 -1.35006e-16 0.2916 0.506724 0.221268
2.20481 -1.35006e-16 0.2916 0.506724 0.221268
2.20179 -0.115391 0.2916 0.523229 0.225441
2.26481 -1.3868e-16 0.36 0.505869 0.203552
2.20179 -0.115391 0.2916 0.523229 0.225441
2.26171 -0.118531 0.36 0.522853 0.208552
2.26481 -1.3868e-16 0.36 0.505869 0.203552
2.26481 -1.3868e-16 0.36 0.505869 0.203552
2.26171 -0.118531 0.36 0.522853 0.208552
2.32481 -1.42354e-16 0.4356 0.505783 0.186312
2.26171 -0.118531 0.36 0.522853 0.208552
2.32163 -0.121671 0.4356 0.522225 0.191193
2.32481 -1.42354e-16 0.4356 0.505783 0.186312
2.32481 -1.42354e-16 0.4356 0.505783 0.186312
2.32163 -0.121671 0.4356 0.522225 0.191193
2.38481 -1.46028e-16 0.5184 0.505527 0.168013
2.32163 -0.121671 0.4356 0.522225 0.191193
2.38154 -0.124811 0.5184 0.522232 0.172643
2.38481 -1.46028e-16 0.5184 0.505527 0.168013
0.659095 0.0345417 -0 0.584792 0.652408
0.66 -4.04133e-17 -0 0.594192 0.649075
0.719013 0.0376819 -0 0.578133 0.622266
0.66 -4.04133e-17 -0 0.594192 0.649075
0.72 -4.40873e-17 -0 0.588698 0.619209
0.719013 0.0376819 -0 0.578133 0.622266
0.719013 0.0376819 -0 0.578133 0.622266
0.72 -4.40873e-17 -0 0.588698 0.619209
0.778931 0.040822 -0 0.572385 0.593364
0.72 -4.40873e-17 -0 0.588698 0.619209
0.78 -4.77612e-17 -0 0.58248 0.590757
0.778931 0.040822 -0 0.572385 0.593364
0.778931 0.040822 -0 0.572385 0.593364
0.78 -4.77612e-17 -0 0.58248 0.590757
0.838849 0.0439622 -0 0.565997 0.566703
0.78 -4.77612e-17 -0 0.58248 0.590757
0.84 -5.14352e-17 -0 0.577226 0.56439
0.838849 0.0439622 -0 0.565997 0.566703
0.838849 0.0439622 -0 0.565997 0.566703
0.84 -5.14352e-17 -0 0.577226 0.56439
0.898767 0.0471024 -0 0.560026 0.540955
0.84 -5.14352e-17 -0 0.577226 0.56439
0.9 -5.51091e-17 -0 0.571535 0.538943
0.898767 0.0471024 -0 0.560026 0.540955
0.898767 0.0471024 -0 0.560026 0.540955
0.9 -5.51091e-17 -0 0.571535 0.538943
0.958684 0.0502425 -0 0.553717 0.516438
0.9 -5.51091e-17 -0 0.571535 0.538943
0.96 -5.8783e-17 -0 0.566334 0.516494
0.958684 0.0502425 -0 0.553717 0.516438
0.958684 0.0502425 -0 0.553717 0.516438
0.96 -5.8783e-17 -0 0.566334 0.516494
1.0186 0.0533827 -0 0.548065 0.493445
0.96 -5.8783e-17 -0 0.566334 0.516494
1.02 -6.2457e-17 -0 0.560873 0.493797
1.0186 0.0533827 -0 0.548065 0.493445
1.0186 0.0533827 -0 0.548065 0.493445
1.02 -6.2457e-17 -0 0.560873 0.493797
1.07852 0.0565228 -0 0.543188 0.473964
1.02 -6.2457e-17 -0 0.560873 0.493797
1.08 -6.61309e-17 -0 0.556149 0.4745
1.07852 0.0565228 -0 0.543188 0.473964
1.07852 0.0565228 -0 0.543188 0.473964
1.08 -6.61309e-17 -0 0.556149 0.4745
1.13844 0.059663 -0 0.537276 0.454445
1.08 -6.61309e-17 -0 0.556149 0.4745
1.14 -6.98049e-17 -0 0.551289 0.455224
1.13844 0.059663 -0 0.537276 0.454445
1.13844 0.059663 -0 0.537276 0.454445
1.14 -6.98049e-17 -0 0.551289 0.455224
1.19836 0.0628031 -0 0.533169 0.43696
1.14 -6.98049e-17 -0 0.551289 0.455224
1.2 -7.34788e-17 -0 0.547246 0.437889
1.19836 0.0628031 -0 0.533169 0.43696
1.19836 0.0628031 -0 0.533169 0.43696
1.2 -7.34788e-17 -0 0.547246 0.437889
1.25827 0.0659433 -0 0.528097 0.421305
1.2 -7.34788e-17 -0 0.547246 0.437889
1.26 -7.71527e-17 -0 0.542255 0.422318
1.25827 0.0659433 -0 0.528097 0.421305
1.25827 0.0659433 -0 0.528097 0.421305
1.26 -7.71527e-17 -0 0.542255 0.422318
1.31819 0.0690835 -0 0.523958 0.405912
1.26 -7.71527e-17 -0 0.542255 0.422318
1.32 -8.08267e-17 -0 0.539124 0.408726
1.31819 0.0690835 -0 0.523958 0.405912
1.31819 0.0690835 -0 0.523958 0.405912
1.32 -8.08267e-17 -0 0.539124 0.408726
1.37811 0.0722236 -0 0.519835 0.392434
1.32 -8.08267e-17 -0 0.539124 0.408726
1.38 -8.45006e-17 -0 0.535025 0.395256
1.37811 0.0722236 -0 0.519835 0.392434
1.37811 0.0722236 -0 0.519835 0.392434
1.38 -8.45006e-17 -0 0.535025 0.395256
1.43803 0.0753638 -0 0.516706 0.380868
1.38 -8.45006e-17 -0 0.535025 0.395256
1.44 -8.81746e-17 -0 0.530906 0.381997
1.43803 0.0753638 -0 0.516706 0.380868
1.43803 0.0753638 -0 0.516706 0.380868
1.44 -8.81746e-17 -0 0.530906 0.381997
1.49794 0.0785039 -0 0.512618 0.369455
1.44 -8.81746e-17 -0 0.530906 0.381997
1.5 -9.18485e-17 -0 0.527762 0.370637
1.49794 0.0785039 -0 0.512618 0.369455
1.49794 0.0785039 -0 0.512618 0.369455
1.5 -9.18485e-17 -0 0.527762 0.370637
1.55786 0.0816441 -0 0.509482 0.358357
1.5 -9.18485e-17 -0 0.527762 0.370637
1.56 -9.55224e-17 -0 0.524578 0.359548
1.55786 0.0816441 -0 0.509482 0.358357
1.55786 0.0816441 -0 0.509482 0.358357
1.56 -9.55224e-17 -0 0.524578 0.359548
1.72245 0.0902697 0.0036 0.501354 0.332223
1.56 -9.55224e-17 -0 0.524578 0.359548
1.72481 -1.05614e-16 0.0036 0.517265 0.333367
1.72245 0.0902697 0.0036 0.501354 0.332223
1.72245 0.0902697 0.0036 0.501354 0.332223
1.72481 -1.05614e-16 0.0036 0.517265 0.333367
1.78237 0.0934099 0.0144 0.499256 0.320515
1.72481 -1.05614e-16 0.0036 0.517265 0.333367
1.78481 -1.09288e-16 0.0144 0.515097 0.323066
1.78237 0.0934099 0.0144 0.499256 0.320515
1.78237 0.0934099 0.0144 0.499256 0.320515
1.78481 -1.09288e-16 0.0144 0.515097 0.323066
1.84228 0.09655 0.0324 0.497161 0.309178
1.78481 -1.09288e-16 0.0144 0.515097 0.323066
1.84481 -1.12962e-16 0.0324 0.512871 0.311669
1.84228 0.09655 0.0324 0.497161 0.309178
1.84228 0.09655 0.0324 0.497161 0.309178
1.84481 -1.12962e-16 0.0324 0.512871 0.311669
1.9022 0.0996902 0.0576 0.495077 0.295443
1.84481 -1.12962e-16 0.0324 0.512871 0.311669
1.90481 -1.16636e-16 0.0576 0.511508 0.297946
1.9022 0.0996902 0.0576 0.495077 0.295443
1.9022 0.0996902 0.0576 0.495077 0.295443
1.90481 -1.16636e-16 0.0576 0.511508 0.297946
1.96212 0.10283 0.09 0.493903 0.282335
1.90481 -1.16636e-16 0.0576 0.511508 0.297946
1.96481 -1.2031e-16 0.09 0.510154 0.284733
1.96212 0.10283 0.09 0.493903 0.282335
1.96212 0.10283 0.09 0.493903 0.282335
1.96481 -1.2031e-16 0.09 0.510154 0.284733
2.02204 0.10597 0.1296 0.492712 0.267269
1.96481 -1.2031e-16 0.09 0.510154 0.284733
2.02481 -1.23984e-16 0.1296 0.508703 0.269597
2.02204 0.10597 0.1296 0.492712 0.267269
2.02204 0.10597 0.1296 0.492712 0.267269
2.02481 -1.23984e-16 0.1296 0.508703 0.269597
2.08196 0.109111 0.1764 0.491548 0.251728
2.02481 -1.23984e-16 0.1296 0.508703 0.269597
2.08481 -1.27658e-16 0.1764 0.508109 0.254061
2.08196 0.109111 0.1764 0.491548 0.251728
2.08196 0.109111 0.1764 0.491548 0.251728
2.08481 -1.27658e-16 0.1764 0.508109 0.254061
2.14187 0.112251 0.2304 0.490344 0.234873
2.08481 -1.27658e-16 0.1764 0.508109 0.254061
2.14481 -1.31332e-16 0.2304 0.507473 0.238225
2.14187 0.112251 0.2304 0.490344 0.234873
2.14187 0.112251 0.2304 0.490344 0.234873
2.14481 -1.31332e-16 0.2304 0.507473 0.238225
2.20179 0.115391 0.2916 0.490003 0.218065
2.14481 -1.31332e-16 0.2304 0.507473 0.238225
2.20481 -1.35006e-16 0.2916 0.506724 0.221268
2.20179 0.115391 0.2916 0.490003 0.218065
2.20179 0.115391 0.2916 0.490003 0.218065
2.20481 -1.35006e-16 0.2916 0.506724 0.221268
2.26171 0.118531 0.36 0.489632 0.200468
2.20481 -1.35006e-16 0.2916 0.506724 0.221268
2.26481 -1.3868e-16 0.36 0.505869 0.203552
2.26171 0.118531 0.36 0.489632 0.200468
2.26171 0.118531 0.36 0.489632 0.200468
2.26481 -1.3868e-16 0.36 0.505869 0.203552
2.32163 0.121671 0.4356 0.488427 0.18243
2.26481 -1.3868e-16 0.36 0.505869 0.203552
2.32481 -1.42354e-16 0.4356 0.505783 0.186312
2.32163 0.121671 0.4356 0.488427 0.18243
2.32163 0.121671 0.4356 0.488427 0.18243
2.32481 -1.42354e-16 0.4356 0.505783 0.186312
2.38154 0.124811 0.5184 0.488767 0.164347
2.32481 -1.42354e-16 0.4356 0.505783 0.186312
2.38481 -1.46028e-16 0.5184 0.505527 0.168013
2.38154 0.124811 0.5184 0.488767 0.164347
0.656384 0.0689888 -0 0.574954 0.657199
0.659095 0.0345417 -0 0.584792 0.652408
0.716056 0.0752605 -0 0.567917 0.626789
0.659095 0.0345417 -0 0.584792 0.652408
0.719013 0.0376819 -0 0.578133 0.622266
0.716056 0.0752605 -0 0.567917 0.626789
0.716056 0.0752605 -0 0.567917 0.626789
0.719013 0.0376819 -0 0.578133 0.622266
0.775727 0.0815322 -0 0.56099 0.596058
0.719013 0.0376819 -0 0.578133 0.622266
0.778931 0.040822 -0 0.572385 0.593364
0.775727 0.0815322 -0 0.56099 0.596058
0.775727 0.0815322 -0 0.56099 0.596058
0.778931 0.040822 -0 0.572385 0.593364
0.835398 0.0878039 -0 0.5543 0.56904
0.778931 0.040822 -0 0.572385 0.593364
0.838849 0.0439622 -0 0.565997 0.566703
0.835398 0.0878039 -0 0.5543 0.56904
0.835398 0.0878039 -0 0.5543 0.56904
0.838849 0.0439622 -0 0.565997 0.566703
0.89507 0.0940756 -0 0.547164 0.542968
0.838849 0.0439622 -0 0.565997 0.566703
0.898767 0.0471024 -0 0.560026 0.540955
0.89507 0.0940756 -0 0.547164 0.542968
0.89507 0.0940756 -0 0.547164 0.542968
0.898767 0.0471024 -0 0.560026 0.540955
0.954741 0.100347 -0 0.54062 0.51817
0.898767 0.0471024 -0 0.560026 0.540955
0.958684 0.0502425 -0 0.553717 0.516438
0.954741 0.100347 -0 0.54062 0.51817
0.954741 0.100347 -0 0.54062 0.51817
0.958684 0.0502425 -0 0.553717 0.516438
1.01441 0.106619 -0 0.534797 0.49495
0.958684 0.0502425 -0 0.553717 0.516438
1.0186 0.0533827 -0 0.548065 0.493445
1.01441 0.106619 -0 0.534797 0.49495
1.01441 0.106619 -0 0.534797 0.49495
1.0186 0.0533827 -0 0.548065 0.493445
1.07408 0.112891 -0 0.528862 0.475227
1.0186 0.0533827 -0 0.548065 0.493445
1.07852 0.0565228 -0 0.543188 0.473964
1.07408 0.112891 -0 0.528862 0.475227
1.07408 0.112891 -0 0.528862 0.475227
1.07852 0.0565228 -0 0.543188 0.473964
1.13375 0.119162 -0 0.523785 0.455648
1.07852 0.0565228 -0 0.543188 0.473964
1.13844 0.059663 -0 0.537276 0.454445
1.13375 0.119162 -0 0.523785 0.455648
1.13375 0.119162 -0 0.523785 0.455648
1.13844 0.059663 -0 0.537276 0.454445
1.19343 0.125434 -0 0.518663 0.43801
1.13844 0.059663 -0 0.537276 0.454445
1.19836 0.0628031 -0 0.533169 0.43696
1.19343 0.125434 -0 0.518663 0.43801
1.19343 0.125434 -0 0.518663 0.43801
1.19836 0.0628031 -0 0.533169 0.43696
1.2531 0.131706 -0 0.513546 0.420536
1.19836 0.0628031 -0 0.533169 0.43696
1.25827 0.0659433 -0 0.528097 0.421305
1.2531 0.131706 -0 0.513546 0.420536
1.2531 0.131706 -0 0.513546 0.420536
1.25827 0.0659433 -0 0.528097 0.421305
1.31277 0.137978 -0 0.508442 0.40677
1.25827 0.0659433 -0 0.528097 0.421305
1.31819 0.0690835 -0 0.523958 0.405912
1.31277 0.137978 -0 0.508442 0.40677
1.31277 0.137978 -0 0.508442 0.40677
1.31819 0.0690835 -0 0.523958 0.405912
1.37244 0.144249 -0 0.504313 0.391608
1.31819 0.0690835 -0 0.523958 0.405912
1.37811 0.0722236 -0 0.519835 0.392434
1.37244 0.144249 -0 0.504313 0.391608
1.37244 0.144249 -0 0.504313 0.391608
1.37811 0.0722236 -0 0.519835 0.392434
1.43211 0.150521 -0 0.50122 0.380052
1.37811 0.0722236 -0 0.519835 0.392434
1.43803 0.0753638 -0 0.516706 0.380868
1.43211 0.150521 -0 0.50122 0.380052
1.43211 0.150521 -0 0.50122 0.380052
1.43803 0.0753638 -0 0.516706 0.380868
1.49178 0.156793 -0 0.49717 0.368684
1.43803 0.0753638 -0 0.516706 0.380868
1.49794 0.0785039 -0 0.512618 0.369455
1.49178 0.156793 -0 0.49717 0.368684
1.49178 0.156793 -0 0.49717 0.368684
1.49794 0.0785039 -0 0.512618 0.369455
1.55145 0.163064 -0 0.493153 0.357553
1.49794 0.0785039 -0 0.512618 0.369455
1.55786 0.0816441 -0 0.509482 0.358357
1.55145 0.163064 -0 0.493153 0.357553
1.55145 0.163064 -0 0.493153 0.357553
1.55786 0.0816441 -0 0.509482 0.358357
1.71536 0.180292 0.0036 0.485222 0.33014
1.55786 0.0816441 -0 0.509482 0.358357
1.72245 0.0902697 0.0036 0.501354 0.332223
1.71536 0.180292 0.0036 0.485222 0.33014
1.71536 0.180292 0.0036 0.485222 0.33014
1.72245 0.0902697 0.0036 0.501354 0.332223
1.77503 0.186564 0.0144 0.483254 0.319979
1.72245 0.0902697 0.0036 0.501354 0.332223
1.78237 0.0934099 0.0144 0.499256 0.320515
1.77503 0.186564 0.0144 0.483254 0.319979
1.77503 0.186564 0.0144 0.483254 0.319979
1.78237 0.0934099 0.0144 0.499256 0.320515
1.83471 0.192835 0.0324 0.481314 0.307286
1.78237 0.0934099 0.0144 0.499256 0.320515
1.84228 0.09655 0.0324 0.497161 0.309178
1.83471 0.192835 0.0324 0.481314 0.307286
1.83471 0.192835 0.0324 0.481314 0.307286
1.84228 0.09655 0.0324 0.497161 0.309178
1.89438 0.199107 0.0576 0.479409 0.295034
1.84228 0.09655 0.0324 0.497161 0.309178
1.9022 0.0996902 0.0576 0.495077 0.295443
1.89438 0.199107 0.0576 0.479409 0.295034
1.89438 0.199107 0.0576 0.479409 0.295034
1.9022 0.0996902 0.0576 0.495077 0.295443
1.95405 0.205379 0.09 0.477546 0.280644
1.9022 0.0996902 0.0576 0.495077 0.295443
1.96212 0.10283 0.09 0.493903 0.282335
1.95405 0.205379 0.09 0.477546 0.280644
1.95405 0.205379 0.09 0.477546 0.280644
1.96212 0.10283 0.09 0.493903 0.282335
2.01372 0.211651 0.1296 0.475739 0.265667
1.96212 0.10283 0.09 0.493903 0.282335
2.02204 0.10597 0.1296 0.492712 0.267269
2.01372 0.211651 0.1296 0.475739 0.265667
2.01372 0.211651 0.1296 0.475739 0.265667
2.02204 0.10597 0.1296 0.492712 0.267269
2.07339 0.217922 0.1764 0.474878 0.249107
2.02204 0.10597 0.1296 0.492712 0.267269
2.08196 0.109111 0.1764 0.491548 0.251728
2.07339 0.217922 0.1764 0.474878 0.249107
2.07339 0.217922 0.1764 0.474878 0.249107
2.08196 0.109111 0.1764 0.491548 0.251728
2.13306 0.224194 0.2304 0.474056 0.232423
2.08196 0.109111 0.1764 0.491548 0.251728
2.14187 0.112251 0.2304 0.490344 0.234873
2.13306 0.224194 0.2304 0.474056 0.232423
2.13306 0.224194 0.2304 0.474056 0.232423
2.14187 0.112251 0.2304 0.490344 0.234873
2.19273 0.230466 0.2916 0.472442 0.215782
2.14187 0.112251 0.2304 0.490344 0.234873
2.20179 0.115391 0.2916 0.490003 0.218065
2.19273 0.230466 0.2916 0.472442 0.215782
2.19273 0.230466 0.2916 0.472442 0.215782
2.20179 0.115391 0.2916 0.490003 0.218065
2.25241 0.236737 0.36 0.471745 0.198358
2.20179 0.115391 0.2916 0.490003 0.218065
2.26171 0.118531 0.36 0.489632 0.200468
2.25241 0.236737 0.36 0.471745 0.198358
2.25241 0.236737 0.36 0.471745 0.198358
2.26171 0.118531 0.36 0.489632 0.200468
2.31208 0.243009 0.4356 0.471112 0.179666
2.26171 0.118531 0.36 0.489632 0.200468
2.32163 0.121671 0.4356 0.488427 0.18243
2.31208 0.243009 0.4356 0.471112 0.179666
2.31208 0.243009 0.4356 0.471112 0.179666
2.32163 0.121671 0.4356 0.488427 0.18243
2.37175 0.249281 0.5184 0.471295 0.161771
2.32163 0.121671 0.4356 0.488427 0.18243
2.38154 0.124811 0.5184 0.488767 0.164347
2.37175 0.249281 0.5184 0.471295 0.161771
0.651874 0.103247 -0 0.565537 0.661928
0.656384 0.0689888 -0 0.574954 0.657199
0.711136 0.112633 -0 0.557298 0.63135
0.656384 0.0689888 -0 0.574954 0.657199
0.716056 0.0752605 -0 0.567917 0.626789
0.711136 0.112633 -0 0.557298 0.63135
0.711136 0.112633 -0 0.557298 0.63135
0.716056 0.0752605 -0 0.567917 0.626789
0.770397 0.122019 -0 0.550087 0.600276
0.716056 0.0752605 -0 0.567917 0.626789
0.775727 0.0815322 -0 0.56099 0.596058
0.770397 0.122019 -0 0.550087 0.600276
0.770397 0.122019 -0 0.550087 0.600276
0.775727 0.0815322 -0 0.56099 0.596058
0.829658 0.131405 -0 0.542193 0.573056
0.775727 0.0815322 -0 0.56099 0.596058
0.835398 0.0878039 -0 0.5543 0.56904
0.829658 0.131405 -0 0.542193 0.573056
0.829658 0.131405 -0 0.542193 0.573056
0.835398 0.0878039 -0 0.5543 0.56904
0.888919 0.140791 -0 0.534804 0.546751
0.835398 0.0878039 -0 0.5543 0.56904
0.89507 0.0940756 -0 0.547164 0.542968
0.888919 0.140791 -0 0.534804 0.546751
0.888919 0.140791 -0 0.534804 0.546751
0.89507 0.0940756 -0 0.547164 0.542968
0.948181 0.150177 -0 0.527096 0.521751
0.89507 0.0940756 -0 0.547164 0.542968
0.954741 0.100347 -0 0.54062 0.51817
0.948181 0.150177 -0 0.527096 0.521751
0.948181 0.150177 -0 0.527096 0.521751
0.954741 0.100347 -0 0.54062 0.51817
1.00744 0.159563 -0 0.521153 0.498323
0.954741 0.100347 -0 0.54062 0.51817
1.01441 0.106619 -0 0.534797 0.49495
1.00744 0.159563 -0 0.521153 0.498323
1.00744 0.159563 -0 0.521153 0.498323
1.01441 0.106619 -0 0.534797 0.49495
1.0667 0.168949 -0 0.514104 0.476668
1.01441 0.106619 -0 0.534797 0.49495
1.07408 0.112891 -0 0.528862 0.475227
1.0667 0.168949 -0 0.514104 0.476668
1.0667 0.168949 -0 0.514104 0.476668
1.07408 0.112891 -0 0.528862 0.475227
1.12596 0.178335 -0 0.508979 0.456971
1.07408 0.112891 -0 0.528862 0.475227
1.13375 0.119162 -0 0.523785 0.455648
1.12596 0.178335 -0 0.508979 0.456971
1.12596 0.178335 -0 0.508979 0.456971
1.13375 0.119162 -0 0.523785 0.455648
1.18523 0.187721 -0 0.502845 0.439213
1.13375 0.119162 -0 0.523785 0.455648
1.19343 0.125434 -0 0.518663 0.43801
1.18523 0.187721 -0 0.502845 0.439213
1.18523 0.187721 -0 0.502845 0.439213
1.19343 0.125434 -0 0.518663 0.43801
1.24449 0.197107 -0 0.497714 0.421733
1.19343 0.125434 -0 0.518663 0.43801
1.2531 0.131706 -0 0.513546 0.420536
1.24449 0.197107 -0 0.497714 0.421733
1.24449 0.197107 -0 0.497714 0.421733
1.2531 0.131706 -0 0.513546 0.420536
1.30375 0.206493 -0 0.493611 0.406294
1.2531 0.131706 -0 0.513546 0.420536
1.31277 0.137978 -0 0.508442 0.40677
1.30375 0.206493 -0 0.493611 0.406294
1.30375 0.206493 -0 0.493611 0.406294
1.31277 0.137978 -0 0.508442 0.40677
1.36301 0.21588 -0 0.488554 0.392813
1.31277 0.137978 -0 0.508442 0.40677
1.37244 0.144249 -0 0.504313 0.391608
1.36301 0.21588 -0 0.488554 0.392813
1.36301 0.21588 -0 0.488554 0.392813
1.37244 0.144249 -0 0.504313 0.391608
1.42227 0.225266 -0 0.484532 0.379628
1.37244 0.144249 -0 0.504313 0.391608
1.43211 0.150521 -0 0.50122 0.380052
1.42227 0.225266 -0 0.484532 0.379628
1.42227 0.225266 -0 0.484532 0.379628
1.43211 0.150521 -0 0.50122 0.380052
1.48153 0.234652 -0 0.480561 0.36834
1.43211 0.150521 -0 0.50122 0.380052
1.49178 0.156793 -0 0.49717 0.368684
1.48153 0.234652 -0 0.480561 0.36834
1.48153 0.234652 -0 0.480561 0.36834
1.49178 0.156793 -0 0.49717 0.368684
1.54079 0.244038 -0 0.477615 0.357305
1.49178 0.156793 -0 0.49717 0.368684
1.55145 0.163064 -0 0.493153 0.357553
1.54079 0.244038 -0 0.477615 0.357305
1.54079 0.244038 -0 0.477615 0.357305
1.55145 0.163064 -0 0.493153 0.357553
1.70358 0.26982 0.0036 0.469015 0.330145
1.55145 0.163064 -0 0.493153 0.357553
1.71536 0.180292 0.0036 0.485222 0.33014
1.70358 0.26982 0.0036 0.469015 0.330145
1.70358 0.26982 0.0036 0.469015 0.330145
1.71536 0.180292 0.0036 0.485222 0.33014
1.76284 0.279206 0.0144 0.466256 0.320049
1.71536 0.180292 0.0036 0.485222 0.33014
1.77503 0.186564 0.0144 0.483254 0.319979
1.76284 0.279206 0.0144 0.466256 0.320049
1.76284 0.279206 0.0144 0.466256 0.320049
1.77503 0.186564 0.0144 0.483254 0.319979
1.8221 0.288592 0.0324 0.4645 0.307456
1.77503 0.186564 0.0144 0.483254 0.319979
1.83471 0.192835 0.0324 0.481314 0.307286
1.8221 0.288592 0.0324 0.4645 0.307456
1.8221 0.288592 0.0324 0.4645 0.307456
1.83471 0.192835 0.0324 0.481314 0.307286
1.88136 0.297978 0.0576 0.461903 0.29398
1.83471 0.192835 0.0324 0.481314 0.307286
1.89438 0.199107 0.0576 0.479409 0.295034
1.88136 0.297978 0.0576 0.461903 0.29398
1.88136 0.297978 0.0576 0.461903 0.29398
1.89438 0.199107 0.0576 0.479409 0.295034
1.94062 0.307364 0.09 0.46031 0.279745
1.89438 0.199107 0.0576 0.479409 0.295034
1.95405 0.205379 0.09 0.477546 0.280644
1.94062 0.307364 0.09 0.46031 0.279745
1.94062 0.307364 0.09 0.46031 0.279745
1.95405 0.205379 0.09 0.477546 0.280644
1.99988 0.31675 0.1296 0.458797 0.264939
1.95405 0.205379 0.09 0.477546 0.280644
2.01372 0.211651 0.1296 0.475739 0.265667
1.99988 0.31675 0.1296 0.458797 0.264939
1.99988 0.31675 0.1296 0.458797 0.264939
2.01372 0.211651 0.1296 0.475739 0.265667
2.05914 0.326136 0.1764 0.45744 0.24851
2.01372 0.211651 0.1296 0.475739 0.265667
2.07339 0.217922 0.1764 0.474878 0.249107
2.05914 0.326136 0.1764 0.45744 0.24851
2.05914 0.326136 0.1764 0.45744 0.24851
2.07339 0.217922 0.1764 0.474878 0.249107
2.11841 0.335523 0.2304 0.456162 0.232006
2.07339 0.217922 0.1764 0.474878 0.249107
2.13306 0.224194 0.2304 0.474056 0.232423
2.11841 0.335523 0.2304 0.456162 0.232006
2.11841 0.335523 0.2304 0.456162 0.232006
2.13306 0.224194 0.2304 0.474056 0.232423
2.17767 0.344909 0.2916 0.455041 0.21451
2.13306 0.224194 0.2304 0.474056 0.232423
2.19273 0.230466 0.2916 0.472442 0.215782
2.17767 0.344909 0.2916 0.455041 0.21451
2.17767 0.344909 0.2916 0.455041 0.21451
2.19273 0.230466 0.2916 0.472442 0.215782
2.23693 0.354295 0.36 0.454826 0.197288
2.19273 0.230466 0.2916 0.472442 0.215782
2.25241 0.236737 0.36 0.471745 0.198358
2.23693 0.354295 0.36 0.454826 0.197288
2.23693 0.354295 0.36 0.454826 0.197288
2.25241 0.236737 0.36 0.471745 0.198358
2.29619 0.363681 0.4356 0.453984 0.178828
2.25241 0.236737 0.36 0.471745 0.198358
2.31208 0.243009 0.4356 0.471112 0.179666
2.29619 0.363681 0.4356 0.453984 0.178828
2.29619 0.363681 0.4356 0.453984 0.178828
2.31208 0.243009 0.4356 0.471112 0.179666
2.35545 0.373067 0.5184 0.453308 0.159672
2.31208 0.243009 0.4356 0.471112 0.179666
2.37175 0.249281 0.5184 0.471295 0.161771
2.35545 0.373067 0.5184 0.453308 0.159672
0.645577 0.137222 -0 0.554934 0.668199
0.651874 0.103247 -0 0.565537 0.661928
0.704266 0.149696 -0 0.546315 0.637457
0.651874 0.103247 -0 0.565537 0.661928
0.711136 0.112633 -0 0.557298 0.63135
0.704266 0.149696 -0 0.546315 0.637457
0.704266 0.149696 -0 0.546315 0.637457
0.711136 0.112633 -0 0.557298 0.63135
0.762955 0.162171 -0 0.537869 0.606255
0.711136 0.112633 -0 0.557298 0.63135
0.770397 0.122019 -0 0.550087 0.600276
0.762955 0.162171 -0 0.537869 0.606255
0.762955 0.162171 -0 0.537869 0.606255
0.770397 0.122019 -0 0.550087 0.600276
0.821644 0.174646 -0 0.529695 0.577114
0.770397 0.122019 -0 0.550087 0.600276
0.829658 0.131405 -0 0.542193 0.573056
0.821644 0.174646 -0 0.529695 0.577114
0.821644 0.174646 -0 0.529695 0.577114
0.829658 0.131405 -0 0.542193 0.573056
0.880333 0.187121 -0 0.521111 0.550593
0.829658 0.131405 -0 0.542193 0.573056
0.888919 0.140791 -0 0.534804 0.546751
0.880333 0.187121 -0 0.521111 0.550593
0.880333 0.187121 -0 0.521111 0.550593
0.888919 0.140791 -0 0.534804 0.546751
0.939022 0.199595 -0 0.513224 0.525393
0.888919 0.140791 -0 0.534804 0.546751
0.948181 0.150177 -0 0.527096 0.521751
0.939022 0.199595 -0 0.513224 0.525393
0.939022 0.199595 -0 0.513224 0.525393
0.948181 0.150177 -0 0.527096 0.521751
0.997711 0.21207 -0 0.506173 0.501815
0.948181 0.150177 -0 0.527096 0.521751
1.00744 0.159563 -0 0.521153 0.498323
0.997711 0.21207 -0 0.506173 0.501815
0.997711 0.21207 -0 0.506173 0.501815
1.00744 0.159563 -0 0.521153 0.498323
1.0564 0.224545 -0 0.50005 0.480073
1.00744 0.159563 -0 0.521153 0.498323
1.0667 0.168949 -0 0.514104 0.476668
1.0564 0.224545 -0 0.50005 0.480073
1.0564 0.224545 -0 0.50005 0.480073
1.0667 0.168949 -0 0.514104 0.476668
1.11509 0.237019 -0 0.49391 0.460263
1.0667 0.168949 -0 0.514104 0.476668
1.12596 0.178335 -0 0.508979 0.456971
1.11509 0.237019 -0 0.49391 0.460263
1.11509 0.237019 -0 0.49391 0.460263
1.12596 0.178335 -0 0.508979 0.456971
1.17378 0.249494 -0 0.487767 0.440716
1.12596 0.178335 -0 0.508979 0.456971
1.18523 0.187721 -0 0.502845 0.439213
1.17378 0.249494 -0 0.487767 0.440716
1.17378 0.249494 -0 0.487767 0.440716
1.18523 0.187721 -0 0.502845 0.439213
1.23247 0.261969 -0 0.48268 0.424972
1.18523 0.187721 -0 0.502845 0.439213
1.24449 0.197107 -0 0.497714 0.421733
1.23247 0.261969 -0 0.48268 0.424972
1.23247 0.261969 -0 0.48268 0.424972
1.24449 0.197107 -0 0.497714 0.421733
1.29115 0.274443 -0 0.47764 0.409517
1.24449 0.197107 -0 0.497714 0.421733
1.30375 0.206493 -0 0.493611 0.406294
1.29115 0.274443 -0 0.47764 0.409517
1.29115 0.274443 -0 0.47764 0.409517
1.30375 0.206493 -0 0.493611 0.406294
1.34984 0.286918 -0 0.472663 0.394399
1.30375 0.206493 -0 0.493611 0.406294
1.36301 0.21588 -0 0.488554 0.392813
1.34984 0.286918 -0 0.472663 0.394399
1.34984 0.286918 -0 0.472663 0.394399
1.36301 0.21588 -0 0.488554 0.392813
1.40853 0.299393 -0 0.468744 0.381273
1.36301 0.21588 -0 0.488554 0.392813
1.42227 0.225266 -0 0.484532 0.379628
1.40853 0.299393 -0 0.468744 0.381273
1.40853 0.299393 -0 0.468744 0.381273
1.42227 0.225266 -0 0.484532 0.379628
1.46722 0.311868 -0 0.464881 0.370055
1.42227 0.225266 -0 0.484532 0.379628
1.48153 0.234652 -0 0.480561 0.36834
1.46722 0.311868 -0 0.464881 0.370055
1.46722 0.311868 -0 0.464881 0.370055
1.48153 0.234652 -0 0.480561 0.36834
1.52591 0.324342 -0 0.461071 0.359123
1.48153 0.234652 -0 0.480561 0.36834
1.54079 0.244038 -0 0.477615 0.357305
1.52591 0.324342 -0 0.461071 0.359123
1.52591 0.324342 -0 0.461071 0.359123
1.54079 0.244038 -0 0.477615 0.357305
1.68712 0.358609 0.0036 0.451917 0.332219
1.54079 0.244038 -0 0.477615 0.357305
1.70358 0.26982 0.0036 0.469015 0.330145
1.68712 0.358609 0.0036 0.451917 0.332219
1.68712 0.358609 0.0036 0.451917 0.332219
1.70358 0.26982 0.0036 0.469015 0.330145
1.74581 0.371083 0.0144 0.449344 0.320812
1.70358 0.26982 0.0036 0.469015 0.330145
1.76284 0.279206 0.0144 0.466256 0.320049
1.74581 0.371083 0.0144 0.449344 0.320812
1.74581 0.371083 0.0144 0.449344 0.320812
1.76284 0.279206 0.0144 0.466256 0.320049
1.8045 0.383558 0.0324 0.446871 0.3084
1.76284 0.279206 0.0144 0.466256 0.320049
1.8221 0.288592 0.0324 0.4645 0.307456
1.8045 0.383558 0.0324 0.446871 0.3084
1.8045 0.383558 0.0324 0.446871 0.3084
1.8221 0.288592 0.0324 0.4645 0.307456
1.86319 0.396033 0.0576 0.445474 0.294945
1.8221 0.288592 0.0324 0.4645 0.307456
1.88136 0.297978 0.0576 0.461903 0.29398
1.86319 0.396033 0.0576 0.445474 0.294945
1.86319 0.396033 0.0576 0.445474 0.294945
1.88136 0.297978 0.0576 0.461903 0.29398
1.92188 0.408507 0.09 0.443224 0.280948
1.88136 0.297978 0.0576 0.461903 0.29398
1.94062 0.307364 0.09 0.46031 0.279745
1.92188 0.408507 0.09 0.443224 0.280948
1.92188 0.408507 0.09 0.443224 0.280948
1.94062 0.307364 0.09 0.46031 0.279745
1.98057 0.420982 0.1296 0.44205 0.266193
1.94062 0.307364 0.09 0.46031 0.279745
1.99988 0.31675 0.1296 0.458797 0.264939
1.98057 0.420982 0.1296 0.44205 0.266193
1.98057 0.420982 0.1296 0.44205 0.266193
1.99988 0.31675 0.1296 0.458797 0.264939
2.03925 0.433457 0.1764 0.440186 0.249975
1.99988 0.31675 0.1296 0.458797 0.264939
2.05914 0.326136 0.1764 0.45744 0.24851
2.03925 0.433457 0.1764 0.440186 0.249975
2.03925 0.433457 0.1764 0.440186 0.249975
2.05914 0.326136 0.1764 0.45744 0.24851
2.09794 0.445932 0.2304 0.43853 0.232601
2.05914 0.326136 0.1764 0.45744 0.24851
2.11841 0.335523 0.2304 0.456162 0.232006
2.09794 0.445932 0.2304 0.43853 0.232601
2.09794 0.445932 0.2304 0.43853 0.232601
2.11841 0.335523 0.2304 0.456162 0.232006
2.15663 0.458406 0.2916 0.437889 0.215249
2.11841 0.335523 0.2304 0.456162 0.232006
2.17767 0.344909 0.2916 0.455041 0.21451
2.15663 0.458406 0.2916 0.437889 0.215249
2.15663 0.458406 0.2916 0.437889 0.215249
2.17767 0.344909 0.2916 0.455041 0.21451
2.21532 0.470881 0.36 0.436645 0.1974
2.17767 0.344909 0.2916 0.455041 0.21451
2.23693 0.354295 0.36 0.454826 0.197288
2.21532 0.470881 0.36 0.436645 0.1974
2.21532 0.470881 0.36 0.436645 0.1974
2.23693 0.354295 0.36 0.454826 0.197288
2.27401 0.483356 0.4356 0.436415 0.1784
2.23693 0.354295 0.36 0.454826 0.197288
2.29619 0.363681 0.4356 0.453984 0.178828
2.27401 0.483356 0.4356 0.436415 0.1784
2.27401 0.483356 0.4356 0.436415 0.1784
2.29619 0.363681 0.4356 0.453984 0.178828
2.3327 0.49583 0.5184 0.435723 0.159514
2.29619 0.363681 0.4356 0.453984 0.178828
2.35545 0.373067 0.5184 0.453308 0.159672
2.3327 0.49583 0.5184 0.435723 0.159514
0.637511 0.170821 -0 0.544883 0.675776
0.645577 0.137222 -0 0.554934 0.668199
0.695467 0.18635 -0 0.535095 0.643396
0.645577 0.137222 -0 0.554934 0.668199
0.704266 0.149696 -0 0.546315 0.637457
0.695467 0.18635 -0 0.535095 0.643396
0.695467 0.18635 -0 0.535095 0.643396
0.704266 0.149696 -0 0.546315 0.637457
0.753422 0.201879 -0 0.525291 0.613911
0.704266 0.149696 -0 0.546315 0.637457
0.762955 0.162171 -0 0.537869 0.606255
0.753422 0.201879 -0 0.525291 0.613911
0.753422 0.201879 -0 0.525291 0.613911
0.762955 0.162171 -0 0.537869 0.606255
0.811378 0.217408 -0 0.515909 0.584645
0.762955 0.162171 -0 0.537869 0.606255
0.821644 0.174646 -0 0.529695 0.577114
0.811378 0.217408 -0 0.515909 0.584645
0.811378 0.217408 -0 0.515909 0.584645
0.821644 0.174646 -0 0.529695 0.577114
0.869333 0.232937 -0 0.508123 0.556199
0.821644 0.174646 -0 0.529695 0.577114
0.880333 0.187121 -0 0.521111 0.550593
0.869333 0.232937 -0 0.508123 0.556199
0.869333 0.232937 -0 0.508123 0.556199
0.880333 0.187121 -0 0.521111 0.550593
0.927289 0.248466 -0 0.499091 0.530891
0.880333 0.187121 -0 0.521111 0.550593
0.939022 0.199595 -0 0.513224 0.525393
0.927289 0.248466 -0 0.499091 0.530891
0.927289 0.248466 -0 0.499091 0.530891
0.939022 0.199595 -0 0.513224 0.525393
0.985244 0.263995 -0 0.491964 0.507224
0.939022 0.199595 -0 0.513224 0.525393
0.997711 0.21207 -0 0.506173 0.501815
0.985244 0.263995 -0 0.491964 0.507224
0.985244 0.263995 -0 0.491964 0.507224
0.997711 0.21207 -0 0.506173 0.501815
1.0432 0.279525 -0 0.484799 0.483593
0.997711 0.21207 -0 0.506173 0.501815
1.0564 0.224545 -0 0.50005 0.480073
1.0432 0.279525 -0 0.484799 0.483593
1.0432 0.279525 -0 0.484799 0.483593
1.0564 0.224545 -0 0.50005 0.480073
1.10116 0.295054 -0 0.477646 0.463766
1.0564 0.224545 -0 0.50005 0.480073
1.11509 0.237019 -0 0.49391 0.460263
1.10116 0.295054 -0 0.477646 0.463766
1.10116 0.295054 -0 0.477646 0.463766
1.11509 0.237019 -0 0.49391 0.460263
1.15911 0.310583 -0 0.471558 0.445983
1.11509 0.237019 -0 0.49391 0.460263
1.17378 0.249494 -0 0.487767 0.440716
1.15911 0.310583 -0 0.471558 0.445983
1.15911 0.310583 -0 0.471558 0.445983
1.17378 0.249494 -0 0.487767 0.440716
1.21707 0.326112 -0 0.466553 0.428493
1.17378 0.249494 -0 0.487767 0.440716
1.23247 0.261969 -0 0.48268 0.424972
1.21707 0.326112 -0 0.466553 0.428493
1.21707 0.326112 -0 0.466553 0.428493
1.23247 0.261969 -0 0.48268 0.424972
1.27502 0.341641 -0 0.46061 0.413111
1.23247 0.261969 -0 0.48268 0.424972
1.29115 0.274443 -0 0.47764 0.409517
1.27502 0.341641 -0 0.46061 0.413111
1.27502 0.341641 -0 0.46061 0.413111
1.29115 0.274443 -0 0.47764 0.409517
1.33298 0.35717 -0 0.455768 0.398065
1.29115 0.274443 -0 0.47764 0.409517
1.34984 0.286918 -0 0.472663 0.394399
1.33298 0.35717 -0 0.455768 0.398065
1.33298 0.35717 -0 0.455768 0.398065
1.34984 0.286918 -0 0.472663 0.394399
1.39093 0.372699 -0 0.451987 0.385004
1.34984 0.286918 -0 0.472663 0.394399
1.40853 0.299393 -0 0.468744 0.381273
1.39093 0.372699 -0 0.451987 0.385004
1.39093 0.372699 -0 0.451987 0.385004
1.40853 0.299393 -0 0.468744 0.381273
1.44889 0.388229 -0 0.448265 0.37386
1.40853 0.299393 -0 0.468744 0.381273
1.46722 0.311868 -0 0.464881 0.370055
1.44889 0.388229 -0 0.448265 0.37386
1.44889 0.388229 -0 0.448265 0.37386
1.46722 0.311868 -0 0.464881 0.370055
1.50684 0.403758 -0 0.443698 0.36148
1.46722 0.311868 -0 0.464881 0.370055
1.52591 0.324342 -0 0.461071 0.359123
1.50684 0.403758 -0 0.443698 0.36148
1.50684 0.403758 -0 0.443698 0.36148
1.52591 0.324342 -0 0.461071 0.359123
1.66604 0.446414 0.0036 0.435007 0.334948
1.52591 0.324342 -0 0.461071 0.359123
1.68712 0.358609 0.0036 0.451917 0.332219
1.66604 0.446414 0.0036 0.435007 0.334948
1.66604 0.446414 0.0036 0.435007 0.334948
1.68712 0.358609 0.0036 0.451917 0.332219
1.724 0.461943 0.0144 0.432678 0.323583
1.68712 0.358609 0.0036 0.451917 0.332219
1.74581 0.371083 0.0144 0.449344 0.320812
1.724 0.461943 0.0144 0.432678 0.323583
1.724 0.461943 0.0144 0.432678 0.323583
1.74581 0.371083 0.0144 0.449344 0.320812
1.78195 0.477473 0.0324 0.430432 0.311287
1.74581 0.371083 0.0144 0.449344 0.320812
1.8045 0.383558 0.0324 0.446871 0.3084
1.78195 0.477473 0.0324 0.430432 0.311287
1.78195 0.477473 0.0324 0.430432 0.311287
1.8045 0.383558 0.0324 0.446871 0.3084
1.83991 0.493002 0.0576 0.428317 0.298135
1.8045 0.383558 0.0324 0.446871 0.3084
1.86319 0.396033 0.0576 0.445474 0.294945
1.83991 0.493002 0.0576 0.428317 0.298135
1.83991 0.493002 0.0576 0.428317 0.298135
1.86319 0.396033 0.0576 0.445474 0.294945
1.89786 0.508531 0.09 0.426398 0.284183
1.86319 0.396033 0.0576 0.445474 0.294945
1.92188 0.408507 0.09 0.443224 0.280948
1.89786 0.508531 0.09 0.426398 0.284183
1.89786 0.508531 0.09 0.426398 0.284183
1.92188 0.408507 0.09 0.443224 0.280948
1.95582 0.52406 0.1296 0.423856 0.268593
1.92188 0.408507 0.09 0.443224 0.280948
1.98057 0.420982 0.1296 0.44205 0.266193
1.95582 0.52406 0.1296 0.423856 0.268593
1.95582 0.52406 0.1296 0.423856 0.268593
1.98057 0.420982 0.1296 0.44205 0.266193
2.01377 0.539589 0.1764 0.42253 0.251304
1.98057 0.420982 0.1296 0.44205 0.266193
2.03925 0.433457 0.1764 0.440186 0.249975
2.01377 0.539589 0.1764 0.42253 0.251304
2.01377 0.539589 0.1764 0.42253 0.251304
2.03925 0.433457 0.1764 0.440186 0.249975
2.07173 0.555118 0.2304 0.421264 0.235186
2.03925 0.433457 0.1764 0.440186 0.249975
2.09794 0.445932 0.2304 0.43853 0.232601
2.07173 0.555118 0.2304 0.421264 0.235186
2.07173 0.555118 0.2304 0.421264 0.235186
2.09794 0.445932 0.2304 0.43853 0.232601
2.12969 0.570647 0.2916 0.42031 0.217169
2.09794 0.445932 0.2304 0.43853 0.232601
2.15663 0.458406 0.2916 0.437889 0.215249
2.12969 0.570647 0.2916 0.42031 0.217169
2.12969 0.570647 0.2916 0.42031 0.217169
2.15663 0.458406 0.2916 0.437889 0.215249
2.18764 0.586177 0.36 0.418925 0.198724
2.15663 0.458406 0.2916 0.437889 0.215249
2.21532 0.470881 0.36 0.436645 0.1974
2.18764 0.586177 0.36 0.418925 0.198724
2.18764 0.586177 0.36 0.418925 0.198724
2.21532 0.470881 0.36 0.436645 0.1974
2.2456 0.601706 0.4356 0.417906 0.18005
2.21532 0.470881 0.36 0.436645 0.1974
2.27401 0.483356 0.4356 0.436415 0.1784
2.2456 0.601706 0.4356 0.417906 0.18005
2.2456 0.601706 0.4356 0.417906 0.18005
2.27401 0.483356 0.4356 0.436415 0.1784
2.30355 0.617235 0.5184 0.417238 0.160831
2.27401 0.483356 0.4356 0.436415 0.1784
2.3327 0.49583 0.5184 0.435723 0.159514
2.30355 0.617235 0.5184 0.417238 0.160831
0.627697 0.203951 -0 0.533694 0.684799
0.637511 0.170821 -0 0.544883 0.675776
0.684761 0.222492 -0 0.52351 0.652579
0.637511 0.170821 -0 0.544883 0.675776
0.695467 0.18635 -0 0.535095 0.643396
0.684761 0.222492 -0 0.52351 0.652579
0.684761 0.222492 -0 0.52351 0.652579
0.695467 0.18635 -0 0.535095 0.643396
0.741824 0.241033 -0 0.512507 0.621404
0.695467 0.18635 -0 0.535095 0.643396
0.753422 0.201879 -0 0.525291 0.613911
0.741824 0.241033 -0 0.512507 0.621404
0.741824 0.241033 -0 0.512507 0.621404
0.753422 0.201879 -0 0.525291 0.613911
0.798887 0.259574 -0 0.502886 0.592081
0.753422 0.201879 -0 0.525291 0.613911
0.811378 0.217408 -0 0.515909 0.584645
0.798887 0.259574 -0 0.502886 0.592081
0.798887 0.259574 -0 0.502886 0.592081
0.811378 0.217408 -0 0.515909 0.584645
0.855951 0.278115 -0 0.493932 0.563601
0.811378 0.217408 -0 0.515909 0.584645
0.869333 0.232937 -0 0.508123 0.556199
0.855951 0.278115 -0 0.493932 0.563601
0.855951 0.278115 -0 0.493932 0.563601
0.869333 0.232937 -0 0.508123 0.556199
0.913014 0.296656 -0 0.484796 0.536411
0.869333 0.232937 -0 0.508123 0.556199
0.927289 0.248466 -0 0.499091 0.530891
0.913014 0.296656 -0 0.484796 0.536411
0.913014 0.296656 -0 0.484796 0.536411
0.927289 0.248466 -0 0.499091 0.530891
0.970078 0.315197 -0 0.47661 0.512704
0.927289 0.248466 -0 0.499091 0.530891
0.985244 0.263995 -0 0.491964 0.507224
0.970078 0.315197 -0 0.47661 0.512704
0.970078 0.315197 -0 0.47661 0.512704
0.985244 0.263995 -0 0.491964 0.507224
1.02714 0.333738 -0 0.469455 0.490866
0.985244 0.263995 -0 0.491964 0.507224
1.0432 0.279525 -0 0.484799 0.483593
1.02714 0.333738 -0 0.469455 0.490866
1.02714 0.333738 -0 0.469455 0.490866
1.0432 0.279525 -0 0.484799 0.483593
1.0842 0.352279 -0 0.462357 0.469234
1.0432 0.279525 -0 0.484799 0.483593
1.10116 0.295054 -0 0.477646 0.463766
1.0842 0.352279 -0 0.462357 0.469234
1.0842 0.352279 -0 0.462357 0.469234
1.10116 0.295054 -0 0.477646 0.463766
1.14127 0.37082 -0 0.455346 0.451489
1.10116 0.295054 -0 0.477646 0.463766
1.15911 0.310583 -0 0.471558 0.445983
1.14127 0.37082 -0 0.455346 0.451489
1.14127 0.37082 -0 0.455346 0.451489
1.15911 0.310583 -0 0.471558 0.445983
1.19833 0.389361 -0 0.449458 0.434064
1.15911 0.310583 -0 0.471558 0.445983
1.21707 0.326112 -0 0.466553 0.428493
1.19833 0.389361 -0 0.449458 0.434064
1.19833 0.389361 -0 0.449458 0.434064
1.21707 0.326112 -0 0.466553 0.428493
1.25539 0.407902 -0 0.444683 0.41701
1.21707 0.326112 -0 0.466553 0.428493
1.27502 0.341641 -0 0.46061 0.413111
1.25539 0.407902 -0 0.444683 0.41701
1.25539 0.407902 -0 0.444683 0.41701
1.27502 0.341641 -0 0.46061 0.413111
1.31246 0.426443 -0 0.439985 0.403717
1.27502 0.341641 -0 0.46061 0.413111
1.33298 0.35717 -0 0.455768 0.398065
1.31246 0.426443 -0 0.439985 0.403717
1.31246 0.426443 -0 0.439985 0.403717
1.33298 0.35717 -0 0.455768 0.398065
1.36952 0.444984 -0 0.435429 0.389127
1.33298 0.35717 -0 0.455768 0.398065
1.39093 0.372699 -0 0.451987 0.385004
1.36952 0.444984 -0 0.435429 0.389127
1.36952 0.444984 -0 0.435429 0.389127
1.39093 0.372699 -0 0.451987 0.385004
1.42658 0.463525 -0 0.430939 0.378131
1.39093 0.372699 -0 0.451987 0.385004
1.44889 0.388229 -0 0.448265 0.37386
1.42658 0.463525 -0 0.430939 0.378131
1.42658 0.463525 -0 0.430939 0.378131
1.44889 0.388229 -0 0.448265 0.37386
1.48365 0.482067 -0 0.427534 0.365809
1.44889 0.388229 -0 0.448265 0.37386
1.50684 0.403758 -0 0.443698 0.36148
1.48365 0.482067 -0 0.427534 0.365809
1.48365 0.482067 -0 0.427534 0.365809
1.50684 0.403758 -0 0.443698 0.36148
1.64039 0.532996 0.0036 0.418405 0.339711
1.50684 0.403758 -0 0.443698 0.36148
1.66604 0.446414 0.0036 0.435007 0.334948
1.64039 0.532996 0.0036 0.418405 0.339711
1.64039 0.532996 0.0036 0.418405 0.339711
1.66604 0.446414 0.0036 0.435007 0.334948
1.69746 0.551537 0.0144 0.415365 0.328613
1.66604 0.446414 0.0036 0.435007 0.334948
1.724 0.461943 0.0144 0.432678 0.323583
1.69746 0.551537 0.0144 0.415365 0.328613
1.69746 0.551537 0.0144 0.415365 0.328613
1.724 0.461943 0.0144 0.432678 0.323583
1.75452 0.570078 0.0324 0.413477 0.31496
1.724 0.461943 0.0144 0.432678 0.323583
1.78195 0.477473 0.0324 0.430432 0.311287
1.75452 0.570078 0.0324 0.413477 0.31496
1.75452 0.570078 0.0324 0.413477 0.31496
1.78195 0.477473 0.0324 0.430432 0.311287
1.81158 0.588619 0.0576 0.410782 0.302072
1.78195 0.477473 0.0324 0.430432 0.311287
1.83991 0.493002 0.0576 0.428317 0.298135
1.81158 0.588619 0.0576 0.410782 0.302072
1.81158 0.588619 0.0576 0.410782 0.302072
1.83991 0.493002 0.0576 0.428317 0.298135
1.86865 0.60716 0.09 0.408422 0.287132
1.83991 0.493002 0.0576 0.428317 0.298135
1.89786 0.508531 0.09 0.426398 0.284183
1.86865 0.60716 0.09 0.408422 0.287132
1.86865 0.60716 0.09 0.408422 0.287132
1.89786 0.508531 0.09 0.426398 0.284183
1.92571 0.625701 0.1296 0.406284 0.271766
1.89786 0.508531 0.09 0.426398 0.284183
1.95582 0.52406 0.1296 0.423856 0.268593
1.92571 0.625701 0.1296 0.406284 0.271766
1.92571 0.625701 0.1296 0.406284 0.271766
1.95582 0.52406 0.1296 0.423856 0.268593
1.98277 0.644242 0.1764 0.405233 0.255849
1.95582 0.52406 0.1296 0.423856 0.268593
2.01377 0.539589 0.1764 0.42253 0.251304
1.98277 0.644242 0.1764 0.405233 0.255849
1.98277 0.644242 0.1764 0.405233 0.255849
2.01377 0.539589 0.1764 0.42253 0.251304
2.03984 0.662783 0.2304 0.403779 0.237882
2.01377 0.539589 0.1764 0.42253 0.251304
2.07173 0.555118 0.2304 0.421264 0.235186
2.03984 0.662783 0.2304 0.403779 0.237882
2.03984 0.662783 0.2304 0.403779 0.237882
2.07173 0.555118 0.2304 0.421264 0.235186
2.0969 0.681324 0.2916 0.401917 0.220224
2.07173 0.555118 0.2304 0.421264 0.235186
2.12969 0.570647 0.2916 0.42031 0.217169
2.0969 0.681324 0.2916 0.401917 0.220224
2.0969 0.681324 0.2916 0.401917 0.220224
2.12969 0.570647 0.2916 0.42031 0.217169
2.15396 0.699865 0.36 0.401134 0.201962
2.12969 0.570647 0.2916 0.42031 0.217169
2.18764 0.586177 0.36 0.418925 0.198724
2.15396 0.699865 0.36 0.401134 0.201962
2.15396 0.699865 0.36 0.401134 0.201962
2.18764 0.586177 0.36 0.418925 0.198724
2.21103 0.718406 0.4356 0.400065 0.182929
2.18764 0.586177 0.36 0.418925 0.198724
2.2456 0.601706 0.4356 0.417906 0.18005
2.21103 0.718406 0.4356 0.400065 0.182929
2.21103 0.718406 0.4356 0.400065 0.182929
2.2456 0.601706 0.4356 0.417906 0.18005
2.26809 0.736948 0.5184 0.399605 0.163159
2.2456 0.601706 0.4356 0.417906 0.18005
2.30355 0.617235 0.5184 0.417238 0.160831
2.26809 0.736948 0.5184 0.399605 0.163159
0.627697 0.203951 -0 0.533694 0.684799
0.684761 0.222492 -0 0.52351 0.652579
0.672178 0.258025 -0 0.511816 0.661497
0.672178 0.258025 -0 0.511816 0.661497
0.684761 0.222492 -0 0.52351 0.652579
0.728193 0.279527 -0 0.500543 0.630407
0.684761 0.222492 -0 0.52351 0.652579
0.741824 0.241033 -0 0.512507 0.621404
0.728193 0.279527 -0 0.500543 0.630407
0.728193 0.279527 -0 0.500543 0.630407
0.741824 0.241033 -0 0.512507 0.621404
0.784208 0.301029 -0 0.48973 0.601173
0.741824 0.241033 -0 0.512507 0.621404
0.798887 0.259574 -0 0.502886 0.592081
0.784208 0.301029 -0 0.48973 0.601173
0.784208 0.301029 -0 0.48973 0.601173
0.798887 0.259574 -0 0.502886 0.592081
0.840222 0.322531 -0 0.479645 0.57272
0.798887 0.259574 -0 0.502886 0.592081
0.855951 0.278115 -0 0.493932 0.563601
0.840222 0.322531 -0 0.479645 0.57272
0.840222 0.322531 -0 0.479645 0.57272
0.855951 0.278115 -0 0.493932 0.563601
0.896237 0.344033 -0 0.469427 0.545551
0.855951 0.278115 -0 0.493932 0.563601
0.913014 0.296656 -0 0.484796 0.536411
0.896237 0.344033 -0 0.469427 0.545551
0.896237 0.344033 -0 0.469427 0.545551
0.913014 0.296656 -0 0.484796 0.536411
0.952252 0.365535 -0 0.461245 0.520034
0.913014 0.296656 -0 0.484796 0.536411
0.970078 0.315197 -0 0.47661 0.512704
0.952252 0.365535 -0 0.461245 0.520034
0.952252 0.365535 -0 0.461245 0.520034
0.970078 0.315197 -0 0.47661 0.512704
1.00827 0.387037 -0 0.453124 0.498231
0.970078 0.315197 -0 0.47661 0.512704
1.02714 0.333738 -0 0.469455 0.490866
1.00827 0.387037 -0 0.453124 0.498231
1.00827 0.387037 -0 0.453124 0.498231
1.02714 0.333738 -0 0.469455 0.490866
1.06428 0.408539 -0 0.44613 0.47665
1.02714 0.333738 -0 0.469455 0.490866
1.0842 0.352279 -0 0.462357 0.469234
1.06428 0.408539 -0 0.44613 0.47665
1.06428 0.408539 -0 0.44613 0.47665
1.0842 0.352279 -0 0.462357 0.469234
1.1203 0.430042 -0 0.439274 0.4572
1.0842 0.352279 -0 0.462357 0.469234
1.14127 0.37082 -0 0.455346 0.451489
1.1203 0.430042 -0 0.439274 0.4572
1.1203 0.430042 -0 0.439274 0.4572
1.14127 0.37082 -0 0.455346 0.451489
1.17631 0.451544 -0 0.433551 0.439871
1.14127 0.37082 -0 0.455346 0.451489
1.19833 0.389361 -0 0.449458 0.434064
1.17631 0.451544 -0 0.433551 0.439871
1.17631 0.451544 -0 0.433551 0.439871
1.19833 0.389361 -0 0.449458 0.434064
1.23233 0.473046 -0 0.427962 0.42465
1.19833 0.389361 -0 0.449458 0.434064
1.25539 0.407902 -0 0.444683 0.41701
1.23233 0.473046 -0 0.427962 0.42465
1.23233 0.473046 -0 0.427962 0.42465
1.25539 0.407902 -0 0.444683 0.41701
1.28834 0.494548 -0 0.422539 0.409821
1.25539 0.407902 -0 0.444683 0.41701
1.31246 0.426443 -0 0.439985 0.403717
1.28834 0.494548 -0 0.422539 0.409821
1.28834 0.494548 -0 0.422539 0.409821
1.31246 0.426443 -0 0.439985 0.403717
1.34436 0.51605 -0 0.41818 0.395421
1.31246 0.426443 -0 0.439985 0.403717
1.36952 0.444984 -0 0.435429 0.389127
1.34436 0.51605 -0 0.41818 0.395421
1.34436 0.51605 -0 0.41818 0.395421
1.36952 0.444984 -0 0.435429 0.389127
1.40037 0.537552 -0 0.413959 0.382969
1.36952 0.444984 -0 0.435429 0.389127
1.42658 0.463525 -0 0.430939 0.378131
1.40037 0.537552 -0 0.413959 0.382969
1.40037 0.537552 -0 0.413959 0.382969
1.42658 0.463525 -0 0.430939 0.378131
1.45639 0.559054 -0 0.409829 0.37242
1.42658 0.463525 -0 0.430939 0.378131
1.48365 0.482067 -0 0.427534 0.365809
1.45639 0.559054 -0 0.409829 0.37242
1.45639 0.559054 -0 0.409829 0.37242
1.48365 0.482067 -0 0.427534 0.365809
1.61025 0.618117 0.0036 0.401428 0.345087
1.48365 0.482067 -0 0.427534 0.365809
1.64039 0.532996 0.0036 0.418405 0.339711
1.61025 0.618117 0.0036 0.401428 0.345087
1.61025 0.618117 0.0036 0.401428 0.345087
1.64039 0.532996 0.0036 0.418405 0.339711
1.66627 0.63962 0.0144 0.398649 0.334123
1.64039 0.532996 0.0036 0.418405 0.339711
1.69746 0.551537 0.0144 0.415365 0.328613
1.66627 0.63962 0.0144 0.398649 0.334123
1.66627 0.63962 0.0144 0.398649 0.334123
1.69746 0.551537 0.0144 0.415365 0.328613
1.72228 0.661122 0.0324 0.39531 0.320966
1.69746 0.551537 0.0144 0.415365 0.328613
1.75452 0.570078 0.0324 0.413477 0.31496
1.72228 0.661122 0.0324 0.39531 0.320966
1.72228 0.661122 0.0324 0.39531 0.320966
1.75452 0.570078 0.0324 0.413477 0.31496
1.7783 0.682624 0.0576 0.393013 0.30809
1.75452 0.570078 0.0324 0.413477 0.31496
1.81158 0.588619 0.0576 0.410782 0.302072
1.7783 0.682624 0.0576 0.393013 0.30809
1.7783 0.682624 0.0576 0.393013 0.30809
1.81158 0.588619 0.0576 0.410782 0.302072
1.83431 0.704126 0.09 0.391106 0.292037
1.81158 0.588619 0.0576 0.410782 0.302072
1.86865 0.60716 0.09 0.408422 0.287132
1.83431 0.704126 0.09 0.391106 0.292037
1.83431 0.704126 0.09 0.391106 0.292037
1.86865 0.60716 0.09 0.408422 0.287132
1.89033 0.725628 0.1296 0.389349 0.276831
1.86865 0.60716 0.09 0.408422 0.287132
1.92571 0.625701 0.1296 0.406284 0.271766
1.89033 0.725628 0.1296 0.389349 0.276831
1.89033 0.725628 0.1296 0.389349 0.276831
1.92571 0.625701 0.1296 0.406284 0.271766
1.94634 0.74713 0.1764 0.387278 0.260244
1.92571 0.625701 0.1296 0.406284 0.271766
1.98277 0.644242 0.1764 0.405233 0.255849
1.94634 0.74713 0.1764 0.387278 0.260244
1.94634 0.74713 0.1764 0.387278 0.260244
1.98277 0.644242 0.1764 0.405233 0.255849
2.00235 0.768632 0.2304 0.385498 0.242814
1.98277 0.644242 0.1764 0.405233 0.255849
2.03984 0.662783 0.2304 0.403779 0.237882
2.00235 0.768632 0.2304 0.385498 0.242814
2.00235 0.768632 0.2304 0.385498 0.242814
2.03984 0.662783 0.2304 0.403779 0.237882
2.05837 0.790134 0.2916 0.384307 0.224367
2.03984 0.662783 0.2304 0.403779 0.237882
2.0969 0.681324 0.2916 0.401917 0.220224
2.05837 0.790134 0.2916 0.384307 0.224367
2.05837 0.790134 0.2916 0.384307 0.224367
2.0969 0.681324 0.2916 0.401917 0.220224
2.11438 0.811636 0.36 0.382836 0.205774
2.0969 0.681324 0.2916 0.401917 0.220224
2.15396 0.699865 0.36 0.401134 0.201962
2.11438 0.811636 0.36 0.382836 0.205774
2.11438 0.811636 0.36 0.382836 0.205774
2.15396 0.699865 0.36 0.401134 0.201962
2.1704 0.833138 0.4356 0.38178 0.187165
2.15396 0.699865 0.36 0.401134 0.201962
2.21103 0.718406 0.4356 0.400065 0.182929
2.1704 0.833138 0.4356 0.38178 0.187165
2.1704 0.833138 0.4356 0.38178 0.187165
2.21103 0.718406 0.4356 0.400065 0.182929
2.22641 0.85464 0.5184 0.380711 0.167571
2.21103 0.718406 0.4356 0.400065 0.182929
2.26809 0.736948 0.5184 0.399605 0.163159
2.22641 0.85464 0.5184 0.380711 0.167571
0.657753 0.29285 -0 0.499053 0.671793
0.672178 0.258025 -0 0.511816 0.661497
0.712565 0.317255 -0 0.487519 0.640914
0.672178 0.258025 -0 0.511816 0.661497
0.728193 0.279527 -0 0.500543 0.630407
0.712565 0.317255 -0 0.487519 0.640914
0.712565 0.317255 -0 0.487519 0.640914
0.728193 0.279527 -0 0.500543 0.630407
0.767378 0.341659 -0 0.475551 0.610066
0.728193 0.279527 -0 0.500543 0.630407
0.784208 0.301029 -0 0.48973 0.601173
0.767378 0.341659 -0 0.475551 0.610066
0.767378 0.341659 -0 0.475551 0.610066
0.784208 0.301029 -0 0.48973 0.601173
0.822191 0.366063 -0 0.464359 0.581687
0.784208 0.301029 -0 0.48973 0.601173
0.840222 0.322531 -0 0.479645 0.57272
0.822191 0.366063 -0 0.464359 0.581687
0.822191 0.366063 -0 0.464359 0.581687
0.840222 0.322531 -0 0.479645 0.57272
0.877004 0.390467 -0 0.455147 0.554599
0.840222 0.322531 -0 0.479645 0.57272
0.896237 0.344033 -0 0.469427 0.545551
0.877004 0.390467 -0 0.455147 0.554599
0.877004 0.390467 -0 0.455147 0.554599
0.896237 0.344033 -0 0.469427 0.545551
0.931816 0.414871 -0 0.445996 0.529154
0.896237 0.344033 -0 0.469427 0.545551
0.952252 0.365535 -0 0.461245 0.520034
0.931816 0.414871 -0 0.445996 0.529154
0.931816 0.414871 -0 0.445996 0.529154
0.952252 0.365535 -0 0.461245 0.520034
0.986629 0.439276 -0 0.436981 0.50743
0.952252 0.365535 -0 0.461245 0.520034
1.00827 0.387037 -0 0.453124 0.498231
0.986629 0.439276 -0 0.436981 0.50743
0.986629 0.439276 -0 0.436981 0.50743
1.00827 0.387037 -0 0.453124 0.498231
1.04144 0.46368 -0 0.42915 0.485951
1.00827 0.387037 -0 0.453124 0.498231
1.06428 0.408539 -0 0.44613 0.47665
1.04144 0.46368 -0 0.42915 0.485951
1.04144 0.46368 -0 0.42915 0.485951
1.06428 0.408539 -0 0.44613 0.47665
1.09625 0.488084 -0 0.422493 0.466596
1.06428 0.408539 -0 0.44613 0.47665
1.1203 0.430042 -0 0.439274 0.4572
1.09625 0.488084 -0 0.422493 0.466596
1.09625 0.488084 -0 0.422493 0.466596
1.1203 0.430042 -0 0.439274 0.4572
1.15107 0.512488 -0 0.416027 0.447713
1.1203 0.430042 -0 0.439274 0.4572
1.17631 0.451544 -0 0.433551 0.439871
1.15107 0.512488 -0 0.416027 0.447713
1.15107 0.512488 -0 0.416027 0.447713
1.17631 0.451544 -0 0.433551 0.439871
1.20588 0.536892 -0 0.410711 0.432573
1.17631 0.451544 -0 0.433551 0.439871
1.23233 0.473046 -0 0.427962 0.42465
1.20588 0.536892 -0 0.410711 0.432573
1.20588 0.536892 -0 0.410711 0.432573
1.23233 0.473046 -0 0.427962 0.42465
1.26069 0.561297 -0 0.40552 0.417938
1.23233 0.473046 -0 0.427962 0.42465
1.28834 0.494548 -0 0.422539 0.409821
1.26069 0.561297 -0 0.40552 0.417938
1.26069 0.561297 -0 0.40552 0.417938
1.28834 0.494548 -0 0.422539 0.409821
1.31551 0.585701 -0 0.400554 0.403674
1.28834 0.494548 -0 0.422539 0.409821
1.34436 0.51605 -0 0.41818 0.395421
1.31551 0.585701 -0 0.400554 0.403674
1.31551 0.585701 -0 0.400554 0.403674
1.34436 0.51605 -0 0.41818 0.395421
1.37032 0.610105 -0 0.396553 0.391428
1.34436 0.51605 -0 0.41818 0.395421
1.40037 0.537552 -0 0.413959 0.382969
1.37032 0.610105 -0 0.396553 0.391428
1.37032 0.610105 -0 0.396553 0.391428
1.40037 0.537552 -0 0.413959 0.382969
1.42513 0.634509 -0 0.392748 0.379461
1.40037 0.537552 -0 0.413959 0.382969
1.45639 0.559054 -0 0.409829 0.37242
1.42513 0.634509 -0 0.392748 0.379461
0.641525 0.326873 -0 0.487237 0.683292
0.657753 0.29285 -0 0.499053 0.671793
0.694985 0.354113 -0 0.474547 0.652733
0.657753 0.29285 -0 0.499053 0.671793
0.712565 0.317255 -0 0.487519 0.640914
0.694985 0.354113 -0 0.474547 0.652733
0.694985 0.354113 -0 0.474547 0.652733
0.712565 0.317255 -0 0.487519 0.640914
0.748445 0.381352 -0 0.461467 0.622148
0.712565 0.317255 -0 0.487519 0.640914
0.767378 0.341659 -0 0.475551 0.610066
0.748445 0.381352 -0 0.461467 0.622148
0.748445 0.381352 -0 0.461467 0.622148
0.767378 0.341659 -0 0.475551 0.610066
0.801906 0.408591 -0 0.450245 0.592199
0.767378 0.341659 -0 0.475551 0.610066
0.822191 0.366063 -0 0.464359 0.581687
0.801906 0.408591 -0 0.450245 0.592199
0.801906 0.408591 -0 0.450245 0.592199
0.822191 0.366063 -0 0.464359 0.581687
0.855366 0.435831 -0 0.439062 0.565239
0.822191 0.366063 -0 0.464359 0.581687
0.877004 0.390467 -0 0.455147 0.554599
0.855366 0.435831 -0 0.439062 0.565239
0.855366 0.435831 -0 0.439062 0.565239
0.877004 0.390467 -0 0.455147 0.554599
0.908827 0.46307 -0 0.430018 0.539953
0.877004 0.390467 -0 0.455147 0.554599
0.931816 0.414871 -0 0.445996 0.529154
0.908827 0.46307 -0 0.430018 0.539953
0.908827 0.46307 -0 0.430018 0.539953
0.931816 0.414871 -0 0.445996 0.529154
0.962287 0.49031 -0 0.421185 0.516556
0.931816 0.414871 -0 0.445996 0.529154
0.986629 0.439276 -0 0.436981 0.50743
0.962287 0.49031 -0 0.421185 0.516556
0.962287 0.49031 -0 0.421185 0.516556
0.986629 0.439276 -0 0.436981 0.50743
1.01575 0.517549 -0 0.413566 0.495219
0.986629 0.439276 -0 0.436981 0.50743
1.04144 0.46368 -0 0.42915 0.485951
1.01575 0.517549 -0 0.413566 0.495219
1.01575 0.517549 -0 0.413566 0.495219
1.04144 0.46368 -0 0.42915 0.485951
1.06921 0.544789 -0 0.406179 0.476058
1.04144 0.46368 -0 0.42915 0.485951
1.09625 0.488084 -0 0.422493 0.466596
1.06921 0.544789 -0 0.406179 0.476058
1.06921 0.544789 -0 0.406179 0.476058
1.09625 0.488084 -0 0.422493 0.466596
1.12267 0.572028 -0 0.399999 0.457291
1.09625 0.488084 -0 0.422493 0.466596
1.15107 0.512488 -0 0.416027 0.447713
1.12267 0.572028 -0 0.399999 0.457291
1.12267 0.572028 -0 0.399999 0.457291
1.15107 0.512488 -0 0.416027 0.447713
1.17613 0.599267 -0 0.394049 0.440707
1.15107 0.512488 -0 0.416027 0.447713
1.20588 0.536892 -0 0.410711 0.432573
1.17613 0.599267 -0 0.394049 0.440707
0.623538 0.36 -0 0.474566 0.695853
0.641525 0.326873 -0 0.487237 0.683292
0.6755 0.39 -0 0.460763 0.665697
0.641525 0.326873 -0 0.487237 0.683292
0.694985 0.354113 -0 0.474547 0.652733
0.6755 0.39 -0 0.460763 0.665697
0.6755 0.39 -0 0.460763 0.665697
0.694985 0.354113 -0 0.474547 0.652733
0.727461 0.42 -0 0.447645 0.635462
0.694985 0.354113 -0 0.474547 0.652733
0.748445 0.381352 -0 0.461467 0.622148
0.727461 0.42 -0 0.447645 0.635462
0.727461 0.42 -0 0.447645 0.635462
0.748445 0.381352 -0 0.461467 0.622148
0.779423 0.45 -0 0.435457 0.605817
0.748445 0.381352 -0 0.461467 0.622148
0.801906 0.408591 -0 0.450245 0.592199
0.779423 0.45 -0 0.435457 0.605817
0.779423 0.45 -0 0.435457 0.605817
0.801906 0.408591 -0 0.450245 0.592199
0.831384 0.48 -0 0.424389 0.579113
0.801906 0.408591 -0 0.450245 0.592199
0.855366 0.435831 -0 0.439062 0.565239
0.831384 0.48 -0 0.424389 0.579113
0.831384 0.48 -0 0.424389 0.579113
0.855366 0.435831 -0 0.439062 0.565239
0.883346 0.51 -0 0.414502 0.552271
0.855366 0.435831 -0 0.439062 0.565239
0.908827 0.46307 -0 0.430018 0.539953
0.883346 0.51 -0 0.414502 0.552271
0.883346 0.51 -0 0.414502 0.552271
0.908827 0.46307 -0 0.430018 0.539953
0.935307 0.54 -0 0.404945 0.529065
0.908827 0.46307 -0 0.430018 0.539953
0.962287 0.49031 -0 0.421185 0.516556
0.935307 0.54 -0 0.404945 0.529065
0.935307 0.54 -0 0.404945 0.529065
0.962287 0.49031 -0 0.421185 0.516556
0.987269 0.57 -0 0.396648 0.507942
0.962287 0.49031 -0 0.421185 0.516556
1.01575 0.517549 -0 0.413566 0.495219
0.987269 0.57 -0 0.396648 0.507942
0.987269 0.57 -0 0.396648 0.507942
1.01575 0.517549 -0 0.413566 0.495219
1.03923 0.6 -0 0.389592 0.487208
1.01575 0.517549 -0 0.413566 0.495219
1.06921 0.544789 -0 0.406179 0.476058
1.03923 0.6 -0 0.389592 0.487208
0.623538 0.36 -0 0.474566 0.695853
0.6755 0.39 -0 0.460763 0.665697
0.654163 0.424818 -0 0.448293 0.679613
0.654163 0.424818 -0 0.448293 0.679613
0.6755 0.39 -0 0.460763 0.665697
0.704483 0.457497 -0 0.434175 0.648202
0.6755 0.39 -0 0.460763 0.665697
0.727461 0.42 -0 0.447645 0.635462
0.704483 0.457497 -0 0.434175 0.648202
0.704483 0.457497 -0 0.434175 0.648202
0.727461 0.42 -0 0.447645 0.635462
0.754803 0.490175 -0 0.421167 0.620559
0.727461 0.42 -0 0.447645 0.635462
0.779423 0.45 -0 0.435457 0.605817
0.754803 0.490175 -0 0.421167 0.620559
0.754803 0.490175 -0 0.421167 0.620559
0.779423 0.45 -0 0.435457 0.605817
0.805124 0.522853 -0 0.40929 0.592425
0.779423 0.45 -0 0.435457 0.605817
0.831384 0.48 -0 0.424389 0.579113
0.805124 0.522853 -0 0.40929 0.592425
0.805124 0.522853 -0 0.40929 0.592425
0.831384 0.48 -0 0.424389 0.579113
0.855444 0.555532 -0 0.398683 0.565895
0.831384 0.48 -0 0.424389 0.579113
0.883346 0.51 -0 0.414502 0.552271
0.855444 0.555532 -0 0.398683 0.565895
0.855444 0.555532 -0 0.398683 0.565895
0.883346 0.51 -0 0.414502 0.552271
0.905764 0.58821 -0 0.389434 0.542937
0.883346 0.51 -0 0.414502 0.552271
0.935307 0.54 -0 0.404945 0.529065
0.905764 0.58821 -0 0.389434 0.542937
0.654163 0.424818 -0 0.448293 0.679613
0.704483 0.457497 -0 0.434175 0.648202
0.679574 0.49374 -0 0.420407 0.664938
0.679574 0.49374 -0 0.420407 0.664938
0.704483 0.457497 -0 0.434175 0.648202
0.728115 0.529007 -0 0.406554 0.634474
0.704483 0.457497 -0 0.434175 0.648202
0.754803 0.490175 -0 0.421167 0.620559
0.728115 0.529007 -0 0.406554 0.634474
0.728115 0.529007 -0 0.406554 0.634474
0.754803 0.490175 -0 0.421167 0.620559
0.776656 0.564274 -0 0.394019 0.606724
0.754803 0.490175 -0 0.421167 0.620559
0.805124 0.522853 -0 0.40929 0.592425
0.776656 0.564274 -0 0.394019 0.606724
0.652803 0.528629 -0 0.406393 0.680553
0.679574 0.49374 -0 0.420407 0.664938
0.699431 0.566388 -0 0.392911 0.652278
0.679574 0.49374 -0 0.420407 0.664938
0.728115 0.529007 -0 0.406554 0.634474
0.699431 0.566388 -0 0.392911 0.652278
