-0.315716 -0.454508 -0 0.790418 0.608725
-0.328663 -0.424511 -0 0.800766 0.625604
-0.340002 -0.489472 -0 0.786575 0.584041
-0.328663 -0.424511 -0 0.800766 0.625604
-0.353945 -0.457167 -0 0.797353 0.600531
-0.340002 -0.489472 -0 0.786575 0.584041
-0.340002 -0.489472 -0 0.786575 0.584041
-0.353945 -0.457167 -0 0.797353 0.600531
-0.364287 -0.524433 -0 0.782977 0.562735
-0.353945 -0.457167 -0 0.797353 0.600531
-0.379227 -0.489822 -0 0.793962 0.579459
-0.364287 -0.524433 -0 0.782977 0.562735
-0.27868 -0.446086 -0 0.783597 0.623318
-0.29143 -0.419547 -0 0.794335 0.63846
-0.301903 -0.483261 -0 0.779238 0.593373
-0.29143 -0.419547 -0 0.794335 0.63846
-0.315716 -0.454508 -0 0.790418 0.608725
-0.301903 -0.483261 -0 0.779238 0.593373
-0.301903 -0.483261 -0 0.779238 0.593373
-0.315716 -0.454508 -0 0.790418 0.608725
-0.325127 -0.520436 -0 0.775073 0.568385
-0.315716 -0.454508 -0 0.790418 0.608725
-0.340002 -0.489472 -0 0.786575 0.584041
-0.325127 -0.520436 -0 0.775073 0.568385
-0.243067 -0.432119 -0 0.776894 0.645225
-0.255456 -0.408914 -0 0.787694 0.659796
-0.265166 -0.471406 -0 0.772321 0.607745
-0.255456 -0.408914 -0 0.787694 0.659796
-0.27868 -0.446086 -0 0.783597 0.623318
-0.265166 -0.471406 -0 0.772321 0.607745
-0.265166 -0.471406 -0 0.772321 0.607745
-0.27868 -0.446086 -0 0.783597 0.623318
-0.287263 -0.510689 -0 0.767459 0.577758
-0.27868 -0.446086 -0 0.783597 0.623318
-0.301903 -0.483261 -0 0.779238 0.593373
-0.287263 -0.510689 -0 0.767459 0.577758
-0.287263 -0.510689 -0 0.767459 0.577758
-0.301903 -0.483261 -0 0.779238 0.593373
-0.309359 -0.549972 -0 0.763121 0.552125
-0.301903 -0.483261 -0 0.779238 0.593373
-0.325127 -0.520436 -0 0.775073 0.568385
-0.309359 -0.549972 -0 0.763121 0.552125
-0.209103 -0.412858 -0 0.770104 0.676447
-0.22097 -0.392836 -0 0.781087 0.689822
-0.230014 -0.454144 -0 0.765313 0.630393
-0.22097 -0.392836 -0 0.781087 0.689822
-0.243067 -0.432119 -0 0.776894 0.645225
-0.230014 -0.454144 -0 0.765313 0.630393
-0.230014 -0.454144 -0 0.765313 0.630393
-0.243067 -0.432119 -0 0.776894 0.645225
-0.250923 -0.495431 -0 0.760052 0.593433
-0.243067 -0.432119 -0 0.776894 0.645225
-0.265166 -0.471406 -0 0.772321 0.607745
-0.250923 -0.495431 -0 0.760052 0.593433
-0.250923 -0.495431 -0 0.760052 0.593433
-0.265166 -0.471406 -0 0.772321 0.607745
-0.271834 -0.536717 -0 0.754899 0.562146
-0.265166 -0.471406 -0 0.772321 0.607745
-0.287263 -0.510689 -0 0.767459 0.577758
-0.271834 -0.536717 -0 0.754899 0.562146
-0.271834 -0.536717 -0 0.754899 0.562146
-0.287263 -0.510689 -0 0.767459 0.577758
-0.292745 -0.578003 -0 0.7501 0.537395
-0.287263 -0.510689 -0 0.767459 0.577758
-0.309359 -0.549972 -0 0.763121 0.552125
-0.292745 -0.578003 -0 0.7501 0.537395
-0.196663 -0.431747 -0 0.757879 0.664031
-0.209103 -0.412858 -0 0.770104 0.676447
-0.216328 -0.474922 -0 0.752636 0.616663
-0.209103 -0.412858 -0 0.770104 0.676447
-0.230014 -0.454144 -0 0.765313 0.630393
-0.216328 -0.474922 -0 0.752636 0.616663
-0.216328 -0.474922 -0 0.752636 0.616663
-0.230014 -0.454144 -0 0.765313 0.630393
-0.235995 -0.518097 -0 0.747079 0.578198
-0.230014 -0.454144 -0 0.765313 0.630393
-0.250923 -0.495431 -0 0.760052 0.593433
-0.235995 -0.518097 -0 0.747079 0.578198
-0.235995 -0.518097 -0 0.747079 0.578198
-0.250923 -0.495431 -0 0.760052 0.593433
-0.255661 -0.561272 -0 0.741527 0.548328
-0.250923 -0.495431 -0 0.760052 0.593433
-0.271834 -0.536717 -0 0.754899 0.562146
-0.255661 -0.561272 -0 0.741527 0.548328
-0.255661 -0.561272 -0 0.741527 0.548328
-0.271834 -0.536717 -0 0.754899 0.562146
-0.275328 -0.604447 -0 0.736526 0.522994
-0.271834 -0.536717 -0 0.754899 0.562146
-0.292745 -0.578003 -0 0.7501 0.537395
-0.275328 -0.604447 -0 0.736526 0.522994
-0.165314 -0.404508 -0 0.749916 0.711759
-0.176997 -0.388572 -0 0.762198 0.722487
-0.183683 -0.449453 -0 0.744778 0.651883
-0.176997 -0.388572 -0 0.762198 0.722487
-0.196663 -0.431747 -0 0.757879 0.664031
-0.183683 -0.449453 -0 0.744778 0.651883
-0.183683 -0.449453 -0 0.744778 0.651883
-0.196663 -0.431747 -0 0.757879 0.664031
-0.202052 -0.4944 -0 0.738934 0.603108
-0.196663 -0.431747 -0 0.757879 0.664031
-0.216328 -0.474922 -0 0.752636 0.616663
-0.202052 -0.4944 -0 0.738934 0.603108
-0.202052 -0.4944 -0 0.738934 0.603108
-0.216328 -0.474922 -0 0.752636 0.616663
-0.220419 -0.539344 -0 0.733128 0.564887
-0.216328 -0.474922 -0 0.752636 0.616663
-0.235995 -0.518097 -0 0.747079 0.578198
-0.220419 -0.539344 -0 0.733128 0.564887
-0.220419 -0.539344 -0 0.733128 0.564887
-0.235995 -0.518097 -0 0.747079 0.578198
-0.238787 -0.584289 -0 0.727225 0.533873
-0.235995 -0.518097 -0 0.747079 0.578198
-0.255661 -0.561272 -0 0.741527 0.548328
-0.238787 -0.584289 -0 0.727225 0.533873
-0.238787 -0.584289 -0 0.727225 0.533873
-0.255661 -0.561272 -0 0.741527 0.548328
-0.257156 -0.629236 -0 0.722439 0.508575
-0.255661 -0.561272 -0 0.741527 0.548328
-0.275328 -0.604447 -0 0.736526 0.522994
-0.257156 -0.629236 -0 0.722439 0.508575
-0.15318 -0.419336 -0 0.736269 0.701844
-0.165314 -0.404508 -0 0.749916 0.711759
-0.1702 -0.465928 -0 0.730654 0.639348
-0.165314 -0.404508 -0 0.749916 0.711759
-0.183683 -0.449453 -0 0.744778 0.651883
-0.1702 -0.465928 -0 0.730654 0.639348
-0.1702 -0.465928 -0 0.730654 0.639348
-0.183683 -0.449453 -0 0.744778 0.651883
-0.18722 -0.512522 -0 0.724391 0.589986
-0.183683 -0.449453 -0 0.744778 0.651883
-0.202052 -0.4944 -0 0.738934 0.603108
-0.18722 -0.512522 -0 0.724391 0.589986
-0.18722 -0.512522 -0 0.724391 0.589986
-0.202052 -0.4944 -0 0.738934 0.603108
-0.204239 -0.559114 -0 0.718403 0.550875
-0.202052 -0.4944 -0 0.738934 0.603108
-0.220419 -0.539344 -0 0.733128 0.564887
-0.204239 -0.559114 -0 0.718403 0.550875
-0.204239 -0.559114 -0 0.718403 0.550875
-0.220419 -0.539344 -0 0.733128 0.564887
-0.221259 -0.605706 -0 0.712596 0.519371
-0.220419 -0.539344 -0 0.733128 0.564887
-0.238787 -0.584289 -0 0.727225 0.533873
-0.221259 -0.605706 -0 0.712596 0.519371
-0.221259 -0.605706 -0 0.712596 0.519371
-0.238787 -0.584289 -0 0.727225 0.533873
-0.23828 -0.6523 -0 0.707007 0.495007
-0.238787 -0.584289 -0 0.727225 0.533873
-0.257156 -0.629236 -0 0.722439 0.508575
-0.23828 -0.6523 -0 0.707007 0.495007
-0.15318 -0.419336 -0 0.736269 0.701844
-0.1702 -0.465928 -0 0.730654 0.639348
-0.15625 -0.481125 -0 0.715527 0.62794
-0.15625 -0.481125 -0 0.715527 0.62794
-0.1702 -0.465928 -0 0.730654 0.639348
-0.171875 -0.529239 -0 0.708523 0.577489
-0.1702 -0.465928 -0 0.730654 0.639348
-0.18722 -0.512522 -0 0.724391 0.589986
-0.171875 -0.529239 -0 0.708523 0.577489
-0.171875 -0.529239 -0 0.708523 0.577489
-0.18722 -0.512522 -0 0.724391 0.589986
-0.1875 -0.57735 -0 0.702437 0.538587
-0.18722 -0.512522 -0 0.724391 0.589986
-0.204239 -0.559114 -0 0.718403 0.550875
-0.1875 -0.57735 -0 0.702437 0.538587
-0.1875 -0.57735 -0 0.702437 0.538587
-0.204239 -0.559114 -0 0.718403 0.550875
-0.203125 -0.625464 -0 0.696726 0.507433
-0.204239 -0.559114 -0 0.718403 0.550875
-0.221259 -0.605706 -0 0.712596 0.519371
-0.203125 -0.625464 -0 0.696726 0.507433
-0.203125 -0.625464 -0 0.696726 0.507433
-0.221259 -0.605706 -0 0.712596 0.519371
-0.21875 -0.673575 -0 0.691141 0.481182
-0.221259 -0.605706 -0 0.712596 0.519371
-0.23828 -0.6523 -0 0.707007 0.495007
-0.21875 -0.673575 -0 0.691141 0.481182
-0.141872 -0.495003 -0 0.698474 0.617063
-0.15625 -0.481125 -0 0.715527 0.62794
-0.156059 -0.544503 -0 0.691984 0.564838
-0.15625 -0.481125 -0 0.715527 0.62794
-0.171875 -0.529239 -0 0.708523 0.577489
-0.156059 -0.544503 -0 0.691984 0.564838
-0.156059 -0.544503 -0 0.691984 0.564838
-0.171875 -0.529239 -0 0.708523 0.577489
-0.170247 -0.594006 -0 0.685225 0.525668
-0.171875 -0.529239 -0 0.708523 0.577489
-0.1875 -0.57735 -0 0.702437 0.538587
-0.170247 -0.594006 -0 0.685225 0.525668
-0.170247 -0.594006 -0 0.685225 0.525668
-0.1875 -0.57735 -0 0.702437 0.538587
-0.184434 -0.643506 -0 0.680102 0.493742
-0.1875 -0.57735 -0 0.702437 0.538587
-0.203125 -0.625464 -0 0.696726 0.507433
-0.184434 -0.643506 -0 0.680102 0.493742
-0.184434 -0.643506 -0 0.680102 0.493742
-0.203125 -0.625464 -0 0.696726 0.507433
-0.19862 -0.693006 -0 0.674799 0.469341
-0.203125 -0.625464 -0 0.696726 0.507433
-0.21875 -0.673575 -0 0.691141 0.481182
-0.19862 -0.693006 -0 0.674799 0.469341
-0.127105 -0.507525 -0 0.680572 0.605565
-0.141872 -0.495003 -0 0.698474 0.617063
-0.139816 -0.558278 -0 0.674196 0.552968
-0.141872 -0.495003 -0 0.698474 0.617063
-0.156059 -0.544503 -0 0.691984 0.564838
-0.139816 -0.558278 -0 0.674196 0.552968
-0.139816 -0.558278 -0 0.674196 0.552968
-0.156059 -0.544503 -0 0.691984 0.564838
-0.152526 -0.609031 -0 0.667836 0.514147
-0.156059 -0.544503 -0 0.691984 0.564838
-0.170247 -0.594006 -0 0.685225 0.525668
-0.152526 -0.609031 -0 0.667836 0.514147
-0.152526 -0.609031 -0 0.667836 0.514147
-0.170247 -0.594006 -0 0.685225 0.525668
-0.165238 -0.659783 -0 0.662384 0.4821
-0.170247 -0.594006 -0 0.685225 0.525668
-0.184434 -0.643506 -0 0.680102 0.493742
-0.165238 -0.659783 -0 0.662384 0.4821
-0.165238 -0.659783 -0 0.662384 0.4821
-0.184434 -0.643506 -0 0.680102 0.493742
-0.177947 -0.710536 -0 0.656983 0.458256
-0.184434 -0.643506 -0 0.680102 0.493742
-0.19862 -0.693006 -0 0.674799 0.469341
-0.177947 -0.710536 -0 0.656983 0.458256
-0.11199 -0.518656 -0 0.661059 0.596064
-0.127105 -0.507525 -0 0.680572 0.605565
-0.123189 -0.570522 -0 0.654859 0.542608
-0.127105 -0.507525 -0 0.680572 0.605565
-0.139816 -0.558278 -0 0.674196 0.552968
-0.123189 -0.570522 -0 0.654859 0.542608
-0.123189 -0.570522 -0 0.654859 0.542608
-0.139816 -0.558278 -0 0.674196 0.552968
-0.134388 -0.622386 -0 0.648702 0.503061
-0.139816 -0.558278 -0 0.674196 0.552968
-0.152526 -0.609031 -0 0.667836 0.514147
-0.134388 -0.622386 -0 0.648702 0.503061
-0.134388 -0.622386 -0 0.648702 0.503061
-0.152526 -0.609031 -0 0.667836 0.514147
-0.145587 -0.674253 -0 0.643961 0.471223
-0.152526 -0.609031 -0 0.667836 0.514147
-0.165238 -0.659783 -0 0.662384 0.4821
-0.145587 -0.674253 -0 0.643961 0.471223
-0.145587 -0.674253 -0 0.643961 0.471223
-0.165238 -0.659783 -0 0.662384 0.4821
-0.156786 -0.726119 -0 0.639545 0.446403
-0.165238 -0.659783 -0 0.662384 0.4821
-0.177947 -0.710536 -0 0.656983 0.458256
-0.156786 -0.726119 -0 0.639545 0.446403
-0.156786 -0.726119 -0 0.639545 0.446403
-0.177947 -0.710536 -0 0.656983 0.458256
-0.167984 -0.777983 -0 0.635754 0.427131
-0.0965678 -0.528364 -0 0.639862 0.58605
-0.11199 -0.518656 -0 0.661059 0.596064
-0.106225 -0.5812 -0 0.634403 0.532453
-0.11199 -0.518656 -0 0.661059 0.596064
-0.123189 -0.570522 -0 0.654859 0.542608
-0.106225 -0.5812 -0 0.634403 0.532453
-0.106225 -0.5812 -0 0.634403 0.532453
-0.123189 -0.570522 -0 0.654859 0.542608
-0.115881 -0.634039 -0 0.628877 0.492671
-0.123189 -0.570522 -0 0.654859 0.542608
-0.134388 -0.622386 -0 0.648702 0.503061
-0.115881 -0.634039 -0 0.628877 0.492671
-0.115881 -0.634039 -0 0.628877 0.492671
-0.134388 -0.622386 -0 0.648702 0.503061
-0.125538 -0.686875 -0 0.624351 0.461468
-0.134388 -0.622386 -0 0.648702 0.503061
-0.145587 -0.674253 -0 0.643961 0.471223
-0.125538 -0.686875 -0 0.624351 0.461468
-0.125538 -0.686875 -0 0.624351 0.461468
-0.145587 -0.674253 -0 0.643961 0.471223
-0.135195 -0.739711 -0 0.620358 0.435827
-0.145587 -0.674253 -0 0.643961 0.471223
-0.156786 -0.726119 -0 0.639545 0.446403
-0.135195 -0.739711 -0 0.620358 0.435827
-0.135195 -0.739711 -0 0.620358 0.435827
-0.156786 -0.726119 -0 0.639545 0.446403
-0.144852 -0.792547 -0 0.617187 0.418021
-0.156786 -0.726119 -0 0.639545 0.446403
-0.167984 -0.777983 -0 0.635754 0.427131
-0.144852 -0.792547 -0 0.617187 0.418021
-0.0965678 -0.528364 -0 0.639862 0.58605
-0.106225 -0.5812 -0 0.634403 0.532453
-0.0889691 -0.590289 -0 0.612339 0.522922
-0.0889691 -0.590289 -0 0.612339 0.522922
-0.106225 -0.5812 -0 0.634403 0.532453
-0.0970572 -0.64395 -0 0.607898 0.481364
-0.106225 -0.5812 -0 0.634403 0.532453
-0.115881 -0.634039 -0 0.628877 0.492671
-0.0970572 -0.64395 -0 0.607898 0.481364
-0.0970572 -0.64395 -0 0.607898 0.481364
-0.115881 -0.634039 -0 0.628877 0.492671
-0.105145 -0.697614 -0 0.603824 0.451137
-0.115881 -0.634039 -0 0.628877 0.492671
-0.125538 -0.686875 -0 0.624351 0.461468
-0.105145 -0.697614 -0 0.603824 0.451137
-0.105145 -0.697614 -0 0.603824 0.451137
-0.125538 -0.686875 -0 0.624351 0.461468
-0.113233 -0.751275 -0 0.600502 0.426867
-0.125538 -0.686875 -0 0.624351 0.461468
-0.135195 -0.739711 -0 0.620358 0.435827
-0.113233 -0.751275 -0 0.600502 0.426867
-0.113233 -0.751275 -0 0.600502 0.426867
-0.135195 -0.739711 -0 0.620358 0.435827
-0.121321 -0.804939 -0 0.598126 0.408744
-0.135195 -0.739711 -0 0.620358 0.435827
-0.144852 -0.792547 -0 0.617187 0.418021
-0.121321 -0.804939 -0 0.598126 0.408744
0.106225 -0.5812 -0 0.345955 0.485167
0.0889691 -0.590289 -0 0.367894 0.482272
0.115881 -0.634039 -0 0.356215 0.447358
0.0889691 -0.590289 -0 0.367894 0.482272
0.0970572 -0.64395 -0 0.377153 0.444494
0.115881 -0.634039 -0 0.356215 0.447358
0.115881 -0.634039 -0 0.356215 0.447358
0.0970572 -0.64395 -0 0.377153 0.444494
0.125538 -0.686875 -0 0.364506 0.417565
0.0970572 -0.64395 -0 0.377153 0.444494
0.105145 -0.697614 -0 0.384622 0.41553
0.125538 -0.686875 -0 0.364506 0.417565
0.125538 -0.686875 -0 0.364506 0.417565
0.105145 -0.697614 -0 0.384622 0.41553
0.135195 -0.739711 -0 0.370836 0.394949
0.105145 -0.697614 -0 0.384622 0.41553
0.113233 -0.751275 -0 0.390651 0.392252
0.135195 -0.739711 -0 0.370836 0.394949
0.135195 -0.739711 -0 0.370836 0.394949
0.113233 -0.751275 -0 0.390651 0.392252
0.144852 -0.792547 -0 0.37647 0.37782
0.113233 -0.751275 -0 0.390651 0.392252
0.121321 -0.804939 -0 0.395843 0.374766
0.144852 -0.792547 -0 0.37647 0.37782
0.11199 -0.518656 -0 0.313233 0.540648
0.0965678 -0.528364 -0 0.334534 0.537279
0.123189 -0.570522 -0 0.325193 0.489267
0.0965678 -0.528364 -0 0.334534 0.537279
0.106225 -0.5812 -0 0.345955 0.485167
0.123189 -0.570522 -0 0.325193 0.489267
0.123189 -0.570522 -0 0.325193 0.489267
0.106225 -0.5812 -0 0.345955 0.485167
0.134388 -0.622386 -0 0.335781 0.451904
0.106225 -0.5812 -0 0.345955 0.485167
0.115881 -0.634039 -0 0.356215 0.447358
0.134388 -0.622386 -0 0.335781 0.451904
0.134388 -0.622386 -0 0.335781 0.451904
0.115881 -0.634039 -0 0.356215 0.447358
0.145587 -0.674253 -0 0.344412 0.421669
0.115881 -0.634039 -0 0.356215 0.447358
0.125538 -0.686875 -0 0.364506 0.417565
0.145587 -0.674253 -0 0.344412 0.421669
0.145587 -0.674253 -0 0.344412 0.421669
0.125538 -0.686875 -0 0.364506 0.417565
0.156786 -0.726119 -0 0.351489 0.399754
0.125538 -0.686875 -0 0.364506 0.417565
0.135195 -0.739711 -0 0.370836 0.394949
0.156786 -0.726119 -0 0.351489 0.399754
0.156786 -0.726119 -0 0.351489 0.399754
0.135195 -0.739711 -0 0.370836 0.394949
0.167984 -0.777983 -0 0.35816 0.381181
0.135195 -0.739711 -0 0.370836 0.394949
0.144852 -0.792547 -0 0.37647 0.37782
0.167984 -0.777983 -0 0.35816 0.381181
0.127105 -0.507525 -0 0.293969 0.545611
0.11199 -0.518656 -0 0.313233 0.540648
0.139816 -0.558278 -0 0.305603 0.495766
0.11199 -0.518656 -0 0.313233 0.540648
0.123189 -0.570522 -0 0.325193 0.489267
0.139816 -0.558278 -0 0.305603 0.495766
0.139816 -0.558278 -0 0.305603 0.495766
0.123189 -0.570522 -0 0.325193 0.489267
0.152526 -0.609031 -0 0.316448 0.457772
0.123189 -0.570522 -0 0.325193 0.489267
0.134388 -0.622386 -0 0.335781 0.451904
0.152526 -0.609031 -0 0.316448 0.457772
0.152526 -0.609031 -0 0.316448 0.457772
0.134388 -0.622386 -0 0.335781 0.451904
0.165238 -0.659783 -0 0.32559 0.427418
0.134388 -0.622386 -0 0.335781 0.451904
0.145587 -0.674253 -0 0.344412 0.421669
0.165238 -0.659783 -0 0.32559 0.427418
0.165238 -0.659783 -0 0.32559 0.427418
0.145587 -0.674253 -0 0.344412 0.421669
0.177947 -0.710536 -0 0.333079 0.404672
0.145587 -0.674253 -0 0.344412 0.421669
0.156786 -0.726119 -0 0.351489 0.399754
0.177947 -0.710536 -0 0.333079 0.404672
0.177947 -0.710536 -0 0.333079 0.404672
0.156786 -0.726119 -0 0.351489 0.399754
0.190658 -0.761289 -0 0.33974 0.385051
0.156786 -0.726119 -0 0.351489 0.399754
0.167984 -0.777983 -0 0.35816 0.381181
0.190658 -0.761289 -0 0.33974 0.385051
0.141872 -0.495003 -0 0.275483 0.549786
0.127105 -0.507525 -0 0.293969 0.545611
0.156059 -0.544503 -0 0.287231 0.501045
0.127105 -0.507525 -0 0.293969 0.545611
0.139816 -0.558278 -0 0.305603 0.495766
0.156059 -0.544503 -0 0.287231 0.501045
0.156059 -0.544503 -0 0.287231 0.501045
0.139816 -0.558278 -0 0.305603 0.495766
0.170247 -0.594006 -0 0.297698 0.463083
0.139816 -0.558278 -0 0.305603 0.495766
0.152526 -0.609031 -0 0.316448 0.457772
0.170247 -0.594006 -0 0.297698 0.463083
0.170247 -0.594006 -0 0.297698 0.463083
0.152526 -0.609031 -0 0.316448 0.457772
0.184434 -0.643506 -0 0.307289 0.433016
0.152526 -0.609031 -0 0.316448 0.457772
0.165238 -0.659783 -0 0.32559 0.427418
0.184434 -0.643506 -0 0.307289 0.433016
0.184434 -0.643506 -0 0.307289 0.433016
0.165238 -0.659783 -0 0.32559 0.427418
0.19862 -0.693006 -0 0.3148 0.409805
0.165238 -0.659783 -0 0.32559 0.427418
0.177947 -0.710536 -0 0.333079 0.404672
0.19862 -0.693006 -0 0.3148 0.409805
0.19862 -0.693006 -0 0.3148 0.409805
0.177947 -0.710536 -0 0.333079 0.404672
0.212808 -0.742506 -0 0.321719 0.390911
0.177947 -0.710536 -0 0.333079 0.404672
0.190658 -0.761289 -0 0.33974 0.385051
0.212808 -0.742506 -0 0.321719 0.390911
0.15625 -0.481125 -0 0.258583 0.556538
0.141872 -0.495003 -0 0.275483 0.549786
0.171875 -0.529239 -0 0.269951 0.507675
0.141872 -0.495003 -0 0.275483 0.549786
0.156059 -0.544503 -0 0.287231 0.501045
0.171875 -0.529239 -0 0.269951 0.507675
0.171875 -0.529239 -0 0.269951 0.507675
0.156059 -0.544503 -0 0.287231 0.501045
0.1875 -0.57735 -0 0.28059 0.470566
0.156059 -0.544503 -0 0.287231 0.501045
0.170247 -0.594006 -0 0.297698 0.463083
0.1875 -0.57735 -0 0.28059 0.470566
0.1875 -0.57735 -0 0.28059 0.470566
0.170247 -0.594006 -0 0.297698 0.463083
0.203125 -0.625464 -0 0.289602 0.441307
0.170247 -0.594006 -0 0.297698 0.463083
0.184434 -0.643506 -0 0.307289 0.433016
0.203125 -0.625464 -0 0.289602 0.441307
0.203125 -0.625464 -0 0.289602 0.441307
0.184434 -0.643506 -0 0.307289 0.433016
0.21875 -0.673575 -0 0.297662 0.417883
0.184434 -0.643506 -0 0.307289 0.433016
0.19862 -0.693006 -0 0.3148 0.409805
0.21875 -0.673575 -0 0.297662 0.417883
0.1702 -0.465928 -0 0.242969 0.564245
0.15625 -0.481125 -0 0.258583 0.556538
0.18722 -0.512522 -0 0.25389 0.516088
0.15625 -0.481125 -0 0.258583 0.556538
0.171875 -0.529239 -0 0.269951 0.507675
0.18722 -0.512522 -0 0.25389 0.516088
0.18722 -0.512522 -0 0.25389 0.516088
0.171875 -0.529239 -0 0.269951 0.507675
0.204239 -0.559114 -0 0.263813 0.479469
0.171875 -0.529239 -0 0.269951 0.507675
0.1875 -0.57735 -0 0.28059 0.470566
0.204239 -0.559114 -0 0.263813 0.479469
0.204239 -0.559114 -0 0.263813 0.479469
0.1875 -0.57735 -0 0.28059 0.470566
0.221259 -0.605706 -0 0.272855 0.448837
0.1875 -0.57735 -0 0.28059 0.470566
0.203125 -0.625464 -0 0.289602 0.441307
0.221259 -0.605706 -0 0.272855 0.448837
0.221259 -0.605706 -0 0.272855 0.448837
0.203125 -0.625464 -0 0.289602 0.441307
0.23828 -0.6523 -0 0.280884 0.425658
0.203125 -0.625464 -0 0.289602 0.441307
0.21875 -0.673575 -0 0.297662 0.417883
0.23828 -0.6523 -0 0.280884 0.425658
0.183683 -0.449453 -0 0.228471 0.572208
0.1702 -0.465928 -0 0.242969 0.564245
0.202052 -0.4944 -0 0.238648 0.524972
0.1702 -0.465928 -0 0.242969 0.564245
0.18722 -0.512522 -0 0.25389 0.516088
0.202052 -0.4944 -0 0.238648 0.524972
0.202052 -0.4944 -0 0.238648 0.524972
0.18722 -0.512522 -0 0.25389 0.516088
0.220419 -0.539344 -0 0.248304 0.487831
0.18722 -0.512522 -0 0.25389 0.516088
0.204239 -0.559114 -0 0.263813 0.479469
0.220419 -0.539344 -0 0.248304 0.487831
0.220419 -0.539344 -0 0.248304 0.487831
0.204239 -0.559114 -0 0.263813 0.479469
0.238787 -0.584289 -0 0.256988 0.458002
0.204239 -0.559114 -0 0.263813 0.479469
0.221259 -0.605706 -0 0.272855 0.448837
0.238787 -0.584289 -0 0.256988 0.458002
0.238787 -0.584289 -0 0.256988 0.458002
0.221259 -0.605706 -0 0.272855 0.448837
0.257156 -0.629236 -0 0.264818 0.434257
0.221259 -0.605706 -0 0.272855 0.448837
0.23828 -0.6523 -0 0.280884 0.425658
0.257156 -0.629236 -0 0.264818 0.434257
0.176997 -0.388572 -0 0.205676 0.639386
0.165314 -0.404508 -0 0.218387 0.631888
0.196663 -0.431747 -0 0.214868 0.581278
0.165314 -0.404508 -0 0.218387 0.631888
0.183683 -0.449453 -0 0.228471 0.572208
0.196663 -0.431747 -0 0.214868 0.581278
0.196663 -0.431747 -0 0.214868 0.581278
0.183683 -0.449453 -0 0.228471 0.572208
0.216328 -0.474922 -0 0.224474 0.535018
0.183683 -0.449453 -0 0.228471 0.572208
0.202052 -0.4944 -0 0.238648 0.524972
0.216328 -0.474922 -0 0.224474 0.535018
0.216328 -0.474922 -0 0.224474 0.535018
0.202052 -0.4944 -0 0.238648 0.524972
0.235995 -0.518097 -0 0.2337 0.498317
0.202052 -0.4944 -0 0.238648 0.524972
0.220419 -0.539344 -0 0.248304 0.487831
0.235995 -0.518097 -0 0.2337 0.498317
0.235995 -0.518097 -0 0.2337 0.498317
0.220419 -0.539344 -0 0.248304 0.487831
0.255661 -0.561272 -0 0.241983 0.46802
0.220419 -0.539344 -0 0.248304 0.487831
0.238787 -0.584289 -0 0.256988 0.458002
0.255661 -0.561272 -0 0.241983 0.46802
0.255661 -0.561272 -0 0.241983 0.46802
0.238787 -0.584289 -0 0.256988 0.458002
0.275328 -0.604447 -0 0.249569 0.444421
0.238787 -0.584289 -0 0.256988 0.458002
0.257156 -0.629236 -0 0.264818 0.434257
0.275328 -0.604447 -0 0.249569 0.444421
0.275328 -0.604447 -0 0.249569 0.444421
0.257156 -0.629236 -0 0.264818 0.434257
0.294994 -0.647622 -0 0.256383 0.423849
0.176997 -0.388572 -0 0.205676 0.639386
0.196663 -0.431747 -0 0.214868 0.581278
0.209103 -0.412858 -0 0.202284 0.59116
0.209103 -0.412858 -0 0.202284 0.59116
0.196663 -0.431747 -0 0.214868 0.581278
0.230014 -0.454144 -0 0.21117 0.545673
0.196663 -0.431747 -0 0.214868 0.581278
0.216328 -0.474922 -0 0.224474 0.535018
0.230014 -0.454144 -0 0.21117 0.545673
0.230014 -0.454144 -0 0.21117 0.545673
0.216328 -0.474922 -0 0.224474 0.535018
0.250923 -0.495431 -0 0.219719 0.508313
0.216328 -0.474922 -0 0.224474 0.535018
0.235995 -0.518097 -0 0.2337 0.498317
0.250923 -0.495431 -0 0.219719 0.508313
0.250923 -0.495431 -0 0.219719 0.508313
0.235995 -0.518097 -0 0.2337 0.498317
0.271834 -0.536717 -0 0.227748 0.479062
0.235995 -0.518097 -0 0.2337 0.498317
0.255661 -0.561272 -0 0.241983 0.46802
0.271834 -0.536717 -0 0.227748 0.479062
0.271834 -0.536717 -0 0.227748 0.479062
0.255661 -0.561272 -0 0.241983 0.46802
0.292745 -0.578003 -0 0.235045 0.454332
0.255661 -0.561272 -0 0.241983 0.46802
0.275328 -0.604447 -0 0.249569 0.444421
0.292745 -0.578003 -0 0.235045 0.454332
0.292745 -0.578003 -0 0.235045 0.454332
0.275328 -0.604447 -0 0.249569 0.444421
0.313655 -0.619286 -0 0.241404 0.434818
0.275328 -0.604447 -0 0.249569 0.444421
0.294994 -0.647622 -0 0.256383 0.423849
0.313655 -0.619286 -0 0.241404 0.434818
0.209103 -0.412858 -0 0.202284 0.59116
0.230014 -0.454144 -0 0.21117 0.545673
0.243067 -0.432119 -0 0.198625 0.556557
0.243067 -0.432119 -0 0.198625 0.556557
0.230014 -0.454144 -0 0.21117 0.545673
0.265166 -0.471406 -0 0.206583 0.520396
0.230014 -0.454144 -0 0.21117 0.545673
0.250923 -0.495431 -0 0.219719 0.508313
0.265166 -0.471406 -0 0.206583 0.520396
0.265166 -0.471406 -0 0.206583 0.520396
0.250923 -0.495431 -0 0.219719 0.508313
0.287263 -0.510689 -0 0.214128 0.490706
0.250923 -0.495431 -0 0.219719 0.508313
0.271834 -0.536717 -0 0.227748 0.479062
0.287263 -0.510689 -0 0.214128 0.490706
0.287263 -0.510689 -0 0.214128 0.490706
0.271834 -0.536717 -0 0.227748 0.479062
0.309359 -0.549972 -0 0.221045 0.466333
0.271834 -0.536717 -0 0.227748 0.479062
0.292745 -0.578003 -0 0.235045 0.454332
0.309359 -0.549972 -0 0.221045 0.466333
0.309359 -0.549972 -0 0.221045 0.466333
0.292745 -0.578003 -0 0.235045 0.454332
0.331456 -0.589256 -0 0.227302 0.445449
0.292745 -0.578003 -0 0.235045 0.454332
0.313655 -0.619286 -0 0.241404 0.434818
0.331456 -0.589256 -0 0.227302 0.445449
0.243067 -0.432119 -0 0.198625 0.556557
0.265166 -0.471406 -0 0.206583 0.520396
0.27868 -0.446086 -0 0.194208 0.532464
0.27868 -0.446086 -0 0.194208 0.532464
0.265166 -0.471406 -0 0.206583 0.520396
0.301903 -0.483261 -0 0.201203 0.502684
0.265166 -0.471406 -0 0.206583 0.520396
0.287263 -0.510689 -0 0.214128 0.490706
0.301903 -0.483261 -0 0.201203 0.502684
0.301903 -0.483261 -0 0.201203 0.502684
0.287263 -0.510689 -0 0.214128 0.490706
0.325127 -0.520436 -0 0.207791 0.477951
0.287263 -0.510689 -0 0.214128 0.490706
0.309359 -0.549972 -0 0.221045 0.466333
0.325127 -0.520436 -0 0.207791 0.477951
0.325127 -0.520436 -0 0.207791 0.477951
0.309359 -0.549972 -0 0.221045 0.466333
0.348348 -0.557608 -0 0.213754 0.457926
0.309359 -0.549972 -0 0.221045 0.466333
0.331456 -0.589256 -0 0.227302 0.445449
0.348348 -0.557608 -0 0.213754 0.457926
0.301903 -0.483261 -0 0.201203 0.502684
0.325127 -0.520436 -0 0.207791 0.477951
0.340002 -0.489472 -0 0.195152 0.491201
0.340002 -0.489472 -0 0.195152 0.491201
0.325127 -0.520436 -0 0.207791 0.477951
0.364287 -0.524433 -0 0.200876 0.470584
0.325127 -0.520436 -0 0.207791 0.477951
0.348348 -0.557608 -0 0.213754 0.457926
0.364287 -0.524433 -0 0.200876 0.470584
