0.106225 -0.5812 -0 0.772067 0.43627
0.0889691 -0.590289 -0 0.778565 0.451388
0.115881 -0.634039 -0 0.772077 0.424981
0.0889691 -0.590289 -0 0.778565 0.451388
0.0970572 -0.64395 -0 0.778568 0.439278
0.115881 -0.634039 -0 0.772077 0.424981
0.115881 -0.634039 -0 0.772077 0.424981
0.0970572 -0.64395 -0 0.778568 0.439278
0.125538 -0.686875 -0 0.771759 0.413782
0.0970572 -0.64395 -0 0.778568 0.439278
0.105145 -0.697614 -0 0.778539 0.428457
0.125538 -0.686875 -0 0.771759 0.413782
0.125538 -0.686875 -0 0.771759 0.413782
0.105145 -0.697614 -0 0.778539 0.428457
0.135195 -0.739711 -0 0.771223 0.403672
0.105145 -0.697614 -0 0.778539 0.428457
0.113233 -0.751275 -0 0.778597 0.419892
0.135195 -0.739711 -0 0.771223 0.403672
0.135195 -0.739711 -0 0.771223 0.403672
0.113233 -0.751275 -0 0.778597 0.419892
0.144852 -0.792547 -0 0.771067 0.395985
0.113233 -0.751275 -0 0.778597 0.419892
0.121321 -0.804939 -0 0.778392 0.411335
0.144852 -0.792547 -0 0.771067 0.395985
0.11199 -0.518656 -0 0.766043 0.437027
0.0965678 -0.528364 -0 0.772322 0.45015
0.123189 -0.570522 -0 0.765688 0.422849
0.0965678 -0.528364 -0 0.772322 0.45015
0.106225 -0.5812 -0 0.772067 0.43627
0.123189 -0.570522 -0 0.765688 0.422849
0.123189 -0.570522 -0 0.765688 0.422849
0.106225 -0.5812 -0 0.772067 0.43627
0.134388 -0.622386 -0 0.765035 0.409915
0.106225 -0.5812 -0 0.772067 0.43627
0.115881 -0.634039 -0 0.772077 0.424981
0.134388 -0.622386 -0 0.765035 0.409915
0.134388 -0.622386 -0 0.765035 0.409915
0.115881 -0.634039 -0 0.772077 0.424981
0.145587 -0.674253 -0 0.764487 0.399405
0.115881 -0.634039 -0 0.772077 0.424981
0.125538 -0.686875 -0 0.771759 0.413782
0.145587 -0.674253 -0 0.764487 0.399405
0.145587 -0.674253 -0 0.764487 0.399405
0.125538 -0.686875 -0 0.771759 0.413782
0.156786 -0.726119 -0 0.763864 0.389097
0.125538 -0.686875 -0 0.771759 0.413782
0.135195 -0.739711 -0 0.771223 0.403672
0.156786 -0.726119 -0 0.763864 0.389097
0.156786 -0.726119 -0 0.763864 0.389097
0.135195 -0.739711 -0 0.771223 0.403672
0.167984 -0.777983 -0 0.763294 0.380038
0.135195 -0.739711 -0 0.771223 0.403672
0.144852 -0.792547 -0 0.771067 0.395985
0.167984 -0.777983 -0 0.763294 0.380038
0.127105 -0.507525 -0 0.759611 0.423421
0.11199 -0.518656 -0 0.766043 0.437027
0.139816 -0.558278 -0 0.758591 0.408631
0.11199 -0.518656 -0 0.766043 0.437027
0.123189 -0.570522 -0 0.765688 0.422849
0.139816 -0.558278 -0 0.758591 0.408631
0.139816 -0.558278 -0 0.758591 0.408631
0.123189 -0.570522 -0 0.765688 0.422849
0.152526 -0.609031 -0 0.757939 0.396584
0.123189 -0.570522 -0 0.765688 0.422849
0.134388 -0.622386 -0 0.765035 0.409915
0.152526 -0.609031 -0 0.757939 0.396584
0.152526 -0.609031 -0 0.757939 0.396584
0.134388 -0.622386 -0 0.765035 0.409915
0.165238 -0.659783 -0 0.756904 0.384576
0.134388 -0.622386 -0 0.765035 0.409915
0.145587 -0.674253 -0 0.764487 0.399405
0.165238 -0.659783 -0 0.756904 0.384576
0.165238 -0.659783 -0 0.756904 0.384576
0.145587 -0.674253 -0 0.764487 0.399405
0.177947 -0.710536 -0 0.75604 0.37497
0.145587 -0.674253 -0 0.764487 0.399405
0.156786 -0.726119 -0 0.763864 0.389097
0.177947 -0.710536 -0 0.75604 0.37497
0.177947 -0.710536 -0 0.75604 0.37497
0.156786 -0.726119 -0 0.763864 0.389097
0.190658 -0.761289 -0 0.755118 0.365532
0.156786 -0.726119 -0 0.763864 0.389097
0.167984 -0.777983 -0 0.763294 0.380038
0.190658 -0.761289 -0 0.755118 0.365532
0.141872 -0.495003 -0 0.752705 0.411451
0.127105 -0.507525 -0 0.759611 0.423421
0.156059 -0.544503 -0 0.751553 0.396362
0.127105 -0.507525 -0 0.759611 0.423421
0.139816 -0.558278 -0 0.758591 0.408631
0.156059 -0.544503 -0 0.751553 0.396362
0.156059 -0.544503 -0 0.751553 0.396362
0.139816 -0.558278 -0 0.758591 0.408631
0.170247 -0.594006 -0 0.750381 0.382751
0.139816 -0.558278 -0 0.758591 0.408631
0.152526 -0.609031 -0 0.757939 0.396584
0.170247 -0.594006 -0 0.750381 0.382751
0.170247 -0.594006 -0 0.750381 0.382751
0.152526 -0.609031 -0 0.757939 0.396584
0.184434 -0.643506 -0 0.74905 0.37144
0.152526 -0.609031 -0 0.757939 0.396584
0.165238 -0.659783 -0 0.756904 0.384576
0.184434 -0.643506 -0 0.74905 0.37144
0.184434 -0.643506 -0 0.74905 0.37144
0.165238 -0.659783 -0 0.756904 0.384576
0.19862 -0.693006 -0 0.748103 0.361684
0.165238 -0.659783 -0 0.756904 0.384576
0.177947 -0.710536 -0 0.75604 0.37497
0.19862 -0.693006 -0 0.748103 0.361684
0.19862 -0.693006 -0 0.748103 0.361684
0.177947 -0.710536 -0 0.75604 0.37497
0.212808 -0.742506 -0 0.746778 0.35185
0.177947 -0.710536 -0 0.75604 0.37497
0.190658 -0.761289 -0 0.755118 0.365532
0.212808 -0.742506 -0 0.746778 0.35185
0.15625 -0.481125 -0 0.745767 0.399259
0.141872 -0.495003 -0 0.752705 0.411451
0.171875 -0.529239 -0 0.744146 0.383706
0.141872 -0.495003 -0 0.752705 0.411451
0.156059 -0.544503 -0 0.751553 0.396362
0.171875 -0.529239 -0 0.744146 0.383706
0.171875 -0.529239 -0 0.744146 0.383706
0.156059 -0.544503 -0 0.751553 0.396362
0.1875 -0.57735 -0 0.742512 0.369654
0.156059 -0.544503 -0 0.751553 0.396362
0.170247 -0.594006 -0 0.750381 0.382751
0.1875 -0.57735 -0 0.742512 0.369654
0.1875 -0.57735 -0 0.742512 0.369654
0.170247 -0.594006 -0 0.750381 0.382751
0.203125 -0.625464 -0 0.741059 0.358181
0.170247 -0.594006 -0 0.750381 0.382751
0.184434 -0.643506 -0 0.74905 0.37144
0.203125 -0.625464 -0 0.741059 0.358181
0.203125 -0.625464 -0 0.741059 0.358181
0.184434 -0.643506 -0 0.74905 0.37144
0.21875 -0.673575 -0 0.739684 0.348048
0.184434 -0.643506 -0 0.74905 0.37144
0.19862 -0.693006 -0 0.748103 0.361684
0.21875 -0.673575 -0 0.739684 0.348048
0.1702 -0.465928 -0 0.738176 0.386513
0.15625 -0.481125 -0 0.745767 0.399259
0.18722 -0.512522 -0 0.736539 0.37194
0.15625 -0.481125 -0 0.745767 0.399259
0.171875 -0.529239 -0 0.744146 0.383706
0.18722 -0.512522 -0 0.736539 0.37194
0.18722 -0.512522 -0 0.736539 0.37194
0.171875 -0.529239 -0 0.744146 0.383706
0.204239 -0.559114 -0 0.734396 0.35743
0.171875 -0.529239 -0 0.744146 0.383706
0.1875 -0.57735 -0 0.742512 0.369654
0.204239 -0.559114 -0 0.734396 0.35743
0.204239 -0.559114 -0 0.734396 0.35743
0.1875 -0.57735 -0 0.742512 0.369654
0.221259 -0.605706 -0 0.73245 0.345531
0.1875 -0.57735 -0 0.742512 0.369654
0.203125 -0.625464 -0 0.741059 0.358181
0.221259 -0.605706 -0 0.73245 0.345531
0.221259 -0.605706 -0 0.73245 0.345531
0.203125 -0.625464 -0 0.741059 0.358181
0.23828 -0.6523 -0 0.730977 0.335283
0.203125 -0.625464 -0 0.741059 0.358181
0.21875 -0.673575 -0 0.739684 0.348048
0.23828 -0.6523 -0 0.730977 0.335283
0.183683 -0.449453 -0 0.730959 0.376225
0.1702 -0.465928 -0 0.738176 0.386513
0.202052 -0.4944 -0 0.728243 0.359706
0.1702 -0.465928 -0 0.738176 0.386513
0.18722 -0.512522 -0 0.736539 0.37194
0.202052 -0.4944 -0 0.728243 0.359706
0.202052 -0.4944 -0 0.728243 0.359706
0.18722 -0.512522 -0 0.736539 0.37194
0.220419 -0.539344 -0 0.726101 0.346208
0.18722 -0.512522 -0 0.736539 0.37194
0.204239 -0.559114 -0 0.734396 0.35743
0.220419 -0.539344 -0 0.726101 0.346208
0.220419 -0.539344 -0 0.726101 0.346208
0.204239 -0.559114 -0 0.734396 0.35743
0.238787 -0.584289 -0 0.724027 0.334169
0.204239 -0.559114 -0 0.734396 0.35743
0.221259 -0.605706 -0 0.73245 0.345531
0.238787 -0.584289 -0 0.724027 0.334169
0.238787 -0.584289 -0 0.724027 0.334169
0.221259 -0.605706 -0 0.73245 0.345531
0.257156 -0.629236 -0 0.721876 0.322386
0.221259 -0.605706 -0 0.73245 0.345531
0.23828 -0.6523 -0 0.730977 0.335283
0.257156 -0.629236 -0 0.721876 0.322386
0.176997 -0.388572 -0 0.726014 0.383955
0.165314 -0.404508 -0 0.733225 0.394113
0.196663 -0.431747 -0 0.722719 0.365297
0.165314 -0.404508 -0 0.733225 0.394113
0.183683 -0.449453 -0 0.730959 0.376225
0.196663 -0.431747 -0 0.722719 0.365297
0.196663 -0.431747 -0 0.722719 0.365297
0.183683 -0.449453 -0 0.730959 0.376225
0.216328 -0.474922 -0 0.720251 0.348839
0.183683 -0.449453 -0 0.730959 0.376225
0.202052 -0.4944 -0 0.728243 0.359706
0.216328 -0.474922 -0 0.720251 0.348839
0.216328 -0.474922 -0 0.720251 0.348839
0.202052 -0.4944 -0 0.728243 0.359706
0.235995 -0.518097 -0 0.717534 0.334914
0.202052 -0.4944 -0 0.728243 0.359706
0.220419 -0.539344 -0 0.726101 0.346208
0.235995 -0.518097 -0 0.717534 0.334914
0.235995 -0.518097 -0 0.717534 0.334914
0.220419 -0.539344 -0 0.726101 0.346208
0.255661 -0.561272 -0 0.714888 0.322462
0.220419 -0.539344 -0 0.726101 0.346208
0.238787 -0.584289 -0 0.724027 0.334169
0.255661 -0.561272 -0 0.714888 0.322462
0.255661 -0.561272 -0 0.714888 0.322462
0.238787 -0.584289 -0 0.724027 0.334169
0.275328 -0.604447 -0 0.712804 0.311741
0.238787 -0.584289 -0 0.724027 0.334169
0.257156 -0.629236 -0 0.721876 0.322386
0.275328 -0.604447 -0 0.712804 0.311741
0.275328 -0.604447 -0 0.712804 0.311741
0.257156 -0.629236 -0 0.721876 0.322386
0.294994 -0.647622 -0 0.710667 0.301257
0.176997 -0.388572 -0 0.726014 0.383955
0.196663 -0.431747 -0 0.722719 0.365297
0.209103 -0.412858 -0 0.714716 0.354556
0.209103 -0.412858 -0 0.714716 0.354556
0.196663 -0.431747 -0 0.722719 0.365297
0.230014 -0.454144 -0 0.711801 0.3389
0.196663 -0.431747 -0 0.722719 0.365297
0.216328 -0.474922 -0 0.720251 0.348839
0.230014 -0.454144 -0 0.711801 0.3389
0.230014 -0.454144 -0 0.711801 0.3389
0.216328 -0.474922 -0 0.720251 0.348839
0.250923 -0.495431 -0 0.708273 0.323317
0.216328 -0.474922 -0 0.720251 0.348839
0.235995 -0.518097 -0 0.717534 0.334914
0.250923 -0.495431 -0 0.708273 0.323317
0.250923 -0.495431 -0 0.708273 0.323317
0.235995 -0.518097 -0 0.717534 0.334914
0.271834 -0.536717 -0 0.705479 0.310791
0.235995 -0.518097 -0 0.717534 0.334914
0.255661 -0.561272 -0 0.714888 0.322462
0.271834 -0.536717 -0 0.705479 0.310791
0.271834 -0.536717 -0 0.705479 0.310791
0.255661 -0.561272 -0 0.714888 0.322462
0.292745 -0.578003 -0 0.702802 0.299703
0.255661 -0.561272 -0 0.714888 0.322462
0.275328 -0.604447 -0 0.712804 0.311741
0.292745 -0.578003 -0 0.702802 0.299703
0.292745 -0.578003 -0 0.702802 0.299703
0.275328 -0.604447 -0 0.712804 0.311741
0.313655 -0.619286 -0 0.700766 0.29032
0.275328 -0.604447 -0 0.712804 0.311741
0.294994 -0.647622 -0 0.710667 0.301257
0.313655 -0.619286 -0 0.700766 0.29032
0.209103 -0.412858 -0 0.714716 0.354556
0.230014 -0.454144 -0 0.711801 0.3389
0.243067 -0.432119 -0 0.7027 0.328708
0.243067 -0.432119 -0 0.7027 0.328708
0.230014 -0.454144 -0 0.711801 0.3389
0.265166 -0.471406 -0 0.698987 0.313008
0.230014 -0.454144 -0 0.711801 0.3389
0.250923 -0.495431 -0 0.708273 0.323317
0.265166 -0.471406 -0 0.698987 0.313008
0.265166 -0.471406 -0 0.698987 0.313008
0.250923 -0.495431 -0 0.708273 0.323317
0.287263 -0.510689 -0 0.696066 0.300426
0.250923 -0.495431 -0 0.708273 0.323317
0.271834 -0.536717 -0 0.705479 0.310791
0.287263 -0.510689 -0 0.696066 0.300426
0.287263 -0.510689 -0 0.696066 0.300426
0.271834 -0.536717 -0 0.705479 0.310791
0.309359 -0.549972 -0 0.693276 0.289313
0.271834 -0.536717 -0 0.705479 0.310791
0.292745 -0.578003 -0 0.702802 0.299703
0.309359 -0.549972 -0 0.693276 0.289313
0.309359 -0.549972 -0 0.693276 0.289313
0.292745 -0.578003 -0 0.702802 0.299703
0.331456 -0.589256 -0 0.690638 0.279583
0.292745 -0.578003 -0 0.702802 0.299703
0.313655 -0.619286 -0 0.700766 0.29032
0.331456 -0.589256 -0 0.690638 0.279583
0.243067 -0.432119 -0 0.7027 0.328708
0.265166 -0.471406 -0 0.698987 0.313008
0.27868 -0.446086 -0 0.689774 0.304086
0.27868 -0.446086 -0 0.689774 0.304086
0.265166 -0.471406 -0 0.698987 0.313008
0.301903 -0.483261 -0 0.686184 0.291116
0.265166 -0.471406 -0 0.698987 0.313008
0.287263 -0.510689 -0 0.696066 0.300426
0.301903 -0.483261 -0 0.686184 0.291116
0.301903 -0.483261 -0 0.686184 0.291116
0.287263 -0.510689 -0 0.696066 0.300426
0.325127 -0.520436 -0 0.683297 0.279979
0.287263 -0.510689 -0 0.696066 0.300426
0.309359 -0.549972 -0 0.693276 0.289313
0.325127 -0.520436 -0 0.683297 0.279979
0.325127 -0.520436 -0 0.683297 0.279979
0.309359 -0.549972 -0 0.693276 0.289313
0.348348 -0.557608 -0 0.679994 0.269896
0.309359 -0.549972 -0 0.693276 0.289313
0.331456 -0.589256 -0 0.690638 0.279583
0.348348 -0.557608 -0 0.679994 0.269896
0.301903 -0.483261 -0 0.686184 0.291116
0.325127 -0.520436 -0 0.683297 0.279979
0.340002 -0.489472 -0 0.672653 0.270624
0.340002 -0.489472 -0 0.672653 0.270624
0.325127 -0.520436 -0 0.683297 0.279979
0.364287 -0.524433 -0 0.669237 0.260573
0.325127 -0.520436 -0 0.683297 0.279979
0.348348 -0.557608 -0 0.679994 0.269896
0.364287 -0.524433 -0 0.669237 0.260573
0.340002 0.489472 -0 0.318544 0.369723
0.353945 0.457167 -0 0.332921 0.346966
0.364287 0.524433 -0 0.312057 0.36048
0.353945 0.457167 -0 0.332921 0.346966
0.379227 0.489822 -0 0.326403 0.338877
0.364287 0.524433 -0 0.312057 0.36048
0.301903 0.483261 -0 0.312857 0.404471
0.315716 0.454508 -0 0.326631 0.380742
0.325127 0.520436 -0 0.305251 0.393124
0.315716 0.454508 -0 0.326631 0.380742
0.340002 0.489472 -0 0.318544 0.369723
0.325127 0.520436 -0 0.305251 0.393124
0.325127 0.520436 -0 0.305251 0.393124
0.340002 0.489472 -0 0.318544 0.369723
0.348348 0.557608 -0 0.298745 0.383855
0.340002 0.489472 -0 0.318544 0.369723
0.364287 0.524433 -0 0.312057 0.36048
0.348348 0.557608 -0 0.298745 0.383855
0.243067 0.432119 -0 0.321771 0.460601
0.255456 0.408914 -0 0.334934 0.432824
0.265166 0.471406 -0 0.309968 0.443672
0.255456 0.408914 -0 0.334934 0.432824
0.27868 0.446086 -0 0.322853 0.417895
0.265166 0.471406 -0 0.309968 0.443672
0.265166 0.471406 -0 0.309968 0.443672
0.27868 0.446086 -0 0.322853 0.417895
0.287263 0.510689 -0 0.300171 0.429855
0.27868 0.446086 -0 0.322853 0.417895
0.301903 0.483261 -0 0.312857 0.404471
0.287263 0.510689 -0 0.300171 0.429855
0.287263 0.510689 -0 0.300171 0.429855
0.301903 0.483261 -0 0.312857 0.404471
0.309359 0.549972 -0 0.292298 0.418446
0.301903 0.483261 -0 0.312857 0.404471
0.325127 0.520436 -0 0.305251 0.393124
0.309359 0.549972 -0 0.292298 0.418446
0.309359 0.549972 -0 0.292298 0.418446
0.325127 0.520436 -0 0.305251 0.393124
0.331456 0.589256 -0 0.285588 0.409184
0.325127 0.520436 -0 0.305251 0.393124
0.348348 0.557608 -0 0.298745 0.383855
0.331456 0.589256 -0 0.285588 0.409184
0.230014 0.454144 -0 0.30981 0.488346
0.243067 0.432119 -0 0.321771 0.460601
0.250923 0.495431 -0 0.297408 0.472386
0.243067 0.432119 -0 0.321771 0.460601
0.265166 0.471406 -0 0.309968 0.443672
0.250923 0.495431 -0 0.297408 0.472386
0.250923 0.495431 -0 0.297408 0.472386
0.265166 0.471406 -0 0.309968 0.443672
0.271834 0.536717 -0 0.287591 0.458094
0.265166 0.471406 -0 0.309968 0.443672
0.287263 0.510689 -0 0.300171 0.429855
0.271834 0.536717 -0 0.287591 0.458094
0.271834 0.536717 -0 0.287591 0.458094
0.287263 0.510689 -0 0.300171 0.429855
0.292745 0.578003 -0 0.279697 0.446348
0.287263 0.510689 -0 0.300171 0.429855
0.309359 0.549972 -0 0.292298 0.418446
0.292745 0.578003 -0 0.279697 0.446348
0.292745 0.578003 -0 0.279697 0.446348
0.309359 0.549972 -0 0.292298 0.418446
0.313655 0.619286 -0 0.273361 0.435499
0.309359 0.549972 -0 0.292298 0.418446
0.331456 0.589256 -0 0.285588 0.409184
0.313655 0.619286 -0 0.273361 0.435499
0.196663 0.431747 -0 0.314438 0.540676
0.209103 0.412858 -0 0.325554 0.509557
0.216328 0.474922 -0 0.298689 0.519885
0.209103 0.412858 -0 0.325554 0.509557
0.230014 0.454144 -0 0.30981 0.488346
0.216328 0.474922 -0 0.298689 0.519885
0.216328 0.474922 -0 0.298689 0.519885
0.230014 0.454144 -0 0.30981 0.488346
0.235995 0.518097 -0 0.28604 0.501657
0.230014 0.454144 -0 0.30981 0.488346
0.250923 0.495431 -0 0.297408 0.472386
0.235995 0.518097 -0 0.28604 0.501657
0.235995 0.518097 -0 0.28604 0.501657
0.250923 0.495431 -0 0.297408 0.472386
0.255661 0.561272 -0 0.276293 0.487964
0.250923 0.495431 -0 0.297408 0.472386
0.271834 0.536717 -0 0.287591 0.458094
0.255661 0.561272 -0 0.276293 0.487964
0.255661 0.561272 -0 0.276293 0.487964
0.271834 0.536717 -0 0.287591 0.458094
0.275328 0.604447 -0 0.268481 0.475629
0.271834 0.536717 -0 0.287591 0.458094
0.292745 0.578003 -0 0.279697 0.446348
0.275328 0.604447 -0 0.268481 0.475629
0.275328 0.604447 -0 0.268481 0.475629
0.292745 0.578003 -0 0.279697 0.446348
0.294994 0.647622 -0 0.261941 0.464466
0.292745 0.578003 -0 0.279697 0.446348
0.313655 0.619286 -0 0.273361 0.435499
0.294994 0.647622 -0 0.261941 0.464466
0.165314 0.404508 -0 0.326189 0.60051
0.176997 0.388572 -0 0.335379 0.566147
0.183683 0.449453 -0 0.304789 0.573462
0.176997 0.388572 -0 0.335379 0.566147
0.196663 0.431747 -0 0.314438 0.540676
0.183683 0.449453 -0 0.304789 0.573462
0.183683 0.449453 -0 0.304789 0.573462
0.196663 0.431747 -0 0.314438 0.540676
0.202052 0.4944 -0 0.288421 0.551322
0.196663 0.431747 -0 0.314438 0.540676
0.216328 0.474922 -0 0.298689 0.519885
0.202052 0.4944 -0 0.288421 0.551322
0.202052 0.4944 -0 0.288421 0.551322
0.216328 0.474922 -0 0.298689 0.519885
0.220419 0.539344 -0 0.276009 0.533334
0.216328 0.474922 -0 0.298689 0.519885
0.235995 0.518097 -0 0.28604 0.501657
0.220419 0.539344 -0 0.276009 0.533334
0.220419 0.539344 -0 0.276009 0.533334
0.235995 0.518097 -0 0.28604 0.501657
0.238787 0.584289 -0 0.265937 0.5187
0.235995 0.518097 -0 0.28604 0.501657
0.255661 0.561272 -0 0.276293 0.487964
0.238787 0.584289 -0 0.265937 0.5187
0.238787 0.584289 -0 0.265937 0.5187
0.255661 0.561272 -0 0.276293 0.487964
0.257156 0.629236 -0 0.257873 0.505708
0.255661 0.561272 -0 0.276293 0.487964
0.275328 0.604447 -0 0.268481 0.475629
0.257156 0.629236 -0 0.257873 0.505708
0.257156 0.629236 -0 0.257873 0.505708
0.275328 0.604447 -0 0.268481 0.475629
0.275525 0.674181 -0 0.251322 0.495086
0.275328 0.604447 -0 0.268481 0.475629
0.294994 0.647622 -0 0.261941 0.464466
0.275525 0.674181 -0 0.251322 0.495086
0.15318 0.419336 -0 0.318364 0.634343
0.165314 0.404508 -0 0.326189 0.60051
0.1702 0.465928 -0 0.296433 0.608231
0.165314 0.404508 -0 0.326189 0.60051
0.183683 0.449453 -0 0.304789 0.573462
0.1702 0.465928 -0 0.296433 0.608231
0.1702 0.465928 -0 0.296433 0.608231
0.183683 0.449453 -0 0.304789 0.573462
0.18722 0.512522 -0 0.279702 0.585676
0.183683 0.449453 -0 0.304789 0.573462
0.202052 0.4944 -0 0.288421 0.551322
0.18722 0.512522 -0 0.279702 0.585676
0.18722 0.512522 -0 0.279702 0.585676
0.202052 0.4944 -0 0.288421 0.551322
0.204239 0.559114 -0 0.266793 0.567373
0.202052 0.4944 -0 0.288421 0.551322
0.220419 0.539344 -0 0.276009 0.533334
0.204239 0.559114 -0 0.266793 0.567373
0.204239 0.559114 -0 0.266793 0.567373
0.220419 0.539344 -0 0.276009 0.533334
0.221259 0.605706 -0 0.256625 0.551458
0.220419 0.539344 -0 0.276009 0.533334
0.238787 0.584289 -0 0.265937 0.5187
0.221259 0.605706 -0 0.256625 0.551458
0.221259 0.605706 -0 0.256625 0.551458
0.238787 0.584289 -0 0.265937 0.5187
0.23828 0.6523 -0 0.248508 0.538521
0.238787 0.584289 -0 0.265937 0.5187
0.257156 0.629236 -0 0.257873 0.505708
0.23828 0.6523 -0 0.248508 0.538521
0.23828 0.6523 -0 0.248508 0.538521
0.257156 0.629236 -0 0.257873 0.505708
0.2553 0.698892 -0 0.24176 0.527027
0.257156 0.629236 -0 0.257873 0.505708
0.275525 0.674181 -0 0.251322 0.495086
0.2553 0.698892 -0 0.24176 0.527027
0.15318 0.419336 -0 0.318364 0.634343
0.1702 0.465928 -0 0.296433 0.608231
0.15625 0.481125 -0 0.28925 0.643502
0.15625 0.481125 -0 0.28925 0.643502
0.1702 0.465928 -0 0.296433 0.608231
0.171875 0.529239 -0 0.272122 0.620105
0.1702 0.465928 -0 0.296433 0.608231
0.18722 0.512522 -0 0.279702 0.585676
0.171875 0.529239 -0 0.272122 0.620105
0.171875 0.529239 -0 0.272122 0.620105
0.18722 0.512522 -0 0.279702 0.585676
0.1875 0.57735 -0 0.259068 0.602204
0.18722 0.512522 -0 0.279702 0.585676
0.204239 0.559114 -0 0.266793 0.567373
0.1875 0.57735 -0 0.259068 0.602204
0.1875 0.57735 -0 0.259068 0.602204
0.204239 0.559114 -0 0.266793 0.567373
0.203125 0.625464 -0 0.248572 0.585686
0.204239 0.559114 -0 0.266793 0.567373
0.221259 0.605706 -0 0.256625 0.551458
0.203125 0.625464 -0 0.248572 0.585686
0.203125 0.625464 -0 0.248572 0.585686
0.221259 0.605706 -0 0.256625 0.551458
0.21875 0.673575 -0 0.24025 0.572311
0.221259 0.605706 -0 0.256625 0.551458
0.23828 0.6523 -0 0.248508 0.538521
0.21875 0.673575 -0 0.24025 0.572311
0.21875 0.673575 -0 0.24025 0.572311
0.23828 0.6523 -0 0.248508 0.538521
0.234375 0.721689 -0 0.233374 0.560549
0.23828 0.6523 -0 0.248508 0.538521
0.2553 0.698892 -0 0.24176 0.527027
0.234375 0.721689 -0 0.233374 0.560549
0.141872 0.495003 -0 0.283534 0.679127
0.15625 0.481125 -0 0.28925 0.643502
0.156059 0.544503 -0 0.266167 0.65656
0.15625 0.481125 -0 0.28925 0.643502
0.171875 0.529239 -0 0.272122 0.620105
0.156059 0.544503 -0 0.266167 0.65656
0.156059 0.544503 -0 0.266167 0.65656
0.171875 0.529239 -0 0.272122 0.620105
0.170247 0.594006 -0 0.25246 0.637032
0.171875 0.529239 -0 0.272122 0.620105
0.1875 0.57735 -0 0.259068 0.602204
0.170247 0.594006 -0 0.25246 0.637032
0.170247 0.594006 -0 0.25246 0.637032
0.1875 0.57735 -0 0.259068 0.602204
0.184434 0.643506 -0 0.241866 0.621332
0.1875 0.57735 -0 0.259068 0.602204
0.203125 0.625464 -0 0.248572 0.585686
0.184434 0.643506 -0 0.241866 0.621332
0.184434 0.643506 -0 0.241866 0.621332
0.203125 0.625464 -0 0.248572 0.585686
0.19862 0.693006 -0 0.23326 0.606915
0.203125 0.625464 -0 0.248572 0.585686
0.21875 0.673575 -0 0.24025 0.572311
0.19862 0.693006 -0 0.23326 0.606915
0.19862 0.693006 -0 0.23326 0.606915
0.21875 0.673575 -0 0.24025 0.572311
0.212808 0.742506 -0 0.226262 0.595175
0.21875 0.673575 -0 0.24025 0.572311
0.234375 0.721689 -0 0.233374 0.560549
0.212808 0.742506 -0 0.226262 0.595175
0.127105 0.507525 -0 0.279507 0.716505
0.141872 0.495003 -0 0.283534 0.679127
0.139816 0.558278 -0 0.261453 0.693427
0.141872 0.495003 -0 0.283534 0.679127
0.156059 0.544503 -0 0.266167 0.65656
0.139816 0.558278 -0 0.261453 0.693427
0.139816 0.558278 -0 0.261453 0.693427
0.156059 0.544503 -0 0.266167 0.65656
0.152526 0.609031 -0 0.247579 0.673777
0.156059 0.544503 -0 0.266167 0.65656
0.170247 0.594006 -0 0.25246 0.637032
0.152526 0.609031 -0 0.247579 0.673777
0.152526 0.609031 -0 0.247579 0.673777
0.170247 0.594006 -0 0.25246 0.637032
0.165238 0.659783 -0 0.23665 0.657685
0.170247 0.594006 -0 0.25246 0.637032
0.184434 0.643506 -0 0.241866 0.621332
0.165238 0.659783 -0 0.23665 0.657685
0.165238 0.659783 -0 0.23665 0.657685
0.184434 0.643506 -0 0.241866 0.621332
0.177947 0.710536 -0 0.227738 0.643049
0.184434 0.643506 -0 0.241866 0.621332
0.19862 0.693006 -0 0.23326 0.606915
0.177947 0.710536 -0 0.227738 0.643049
0.177947 0.710536 -0 0.227738 0.643049
0.19862 0.693006 -0 0.23326 0.606915
0.190658 0.761289 -0 0.220491 0.631065
0.19862 0.693006 -0 0.23326 0.606915
0.212808 0.742506 -0 0.226262 0.595175
0.190658 0.761289 -0 0.220491 0.631065
0.11199 0.518656 -0 0.276968 0.753233
0.127105 0.507525 -0 0.279507 0.716505
0.123189 0.570522 -0 0.258594 0.730595
0.127105 0.507525 -0 0.279507 0.716505
0.139816 0.558278 -0 0.261453 0.693427
0.123189 0.570522 -0 0.258594 0.730595
0.123189 0.570522 -0 0.258594 0.730595
0.139816 0.558278 -0 0.261453 0.693427
0.134388 0.622386 -0 0.244261 0.71157
0.139816 0.558278 -0 0.261453 0.693427
0.152526 0.609031 -0 0.247579 0.673777
0.134388 0.622386 -0 0.244261 0.71157
0.134388 0.622386 -0 0.244261 0.71157
0.152526 0.609031 -0 0.247579 0.673777
0.145587 0.674253 -0 0.23271 0.694334
0.152526 0.609031 -0 0.247579 0.673777
0.165238 0.659783 -0 0.23665 0.657685
0.145587 0.674253 -0 0.23271 0.694334
0.145587 0.674253 -0 0.23271 0.694334
0.165238 0.659783 -0 0.23665 0.657685
0.156786 0.726119 -0 0.223539 0.680164
0.165238 0.659783 -0 0.23665 0.657685
0.177947 0.710536 -0 0.227738 0.643049
0.156786 0.726119 -0 0.223539 0.680164
0.156786 0.726119 -0 0.223539 0.680164
0.177947 0.710536 -0 0.227738 0.643049
0.167984 0.777983 -0 0.215983 0.667313
0.177947 0.710536 -0 0.227738 0.643049
0.190658 0.761289 -0 0.220491 0.631065
0.167984 0.777983 -0 0.215983 0.667313
0.0965678 0.528364 -0 0.276246 0.790403
0.11199 0.518656 -0 0.276968 0.753233
0.106225 0.5812 -0 0.257277 0.768308
0.11199 0.518656 -0 0.276968 0.753233
0.123189 0.570522 -0 0.258594 0.730595
0.106225 0.5812 -0 0.257277 0.768308
0.106225 0.5812 -0 0.257277 0.768308
0.123189 0.570522 -0 0.258594 0.730595
0.115881 0.634039 -0 0.242354 0.749157
0.123189 0.570522 -0 0.258594 0.730595
0.134388 0.622386 -0 0.244261 0.71157
0.115881 0.634039 -0 0.242354 0.749157
