0.340002 0.489472 -0 0.794517 0.548815
0.353945 0.457167 -0 0.806408 0.562709
0.364287 0.524433 -0 0.789833 0.528682
0.353945 0.457167 -0 0.806408 0.562709
0.379227 0.489822 -0 0.801896 0.542133
0.364287 0.524433 -0 0.789833 0.528682
0.301903 0.483261 -0 0.78754 0.559666
0.315716 0.454508 -0 0.799691 0.572961
0.325127 0.520436 -0 0.782153 0.535131
0.315716 0.454508 -0 0.799691 0.572961
0.340002 0.489472 -0 0.794517 0.548815
0.325127 0.520436 -0 0.782153 0.535131
0.325127 0.520436 -0 0.782153 0.535131
0.340002 0.489472 -0 0.794517 0.548815
0.348348 0.557608 -0 0.777268 0.515213
0.340002 0.489472 -0 0.794517 0.548815
0.364287 0.524433 -0 0.789833 0.528682
0.348348 0.557608 -0 0.777268 0.515213
0.243067 0.432119 -0 0.787444 0.611931
0.255456 0.408914 -0 0.799288 0.624328
0.265166 0.471406 -0 0.781054 0.576102
0.255456 0.408914 -0 0.799288 0.624328
0.27868 0.446086 -0 0.79334 0.588664
0.265166 0.471406 -0 0.781054 0.576102
0.265166 0.471406 -0 0.781054 0.576102
0.27868 0.446086 -0 0.79334 0.588664
0.287263 0.510689 -0 0.774812 0.547102
0.27868 0.446086 -0 0.79334 0.588664
0.301903 0.483261 -0 0.78754 0.559666
0.287263 0.510689 -0 0.774812 0.547102
0.287263 0.510689 -0 0.774812 0.547102
0.301903 0.483261 -0 0.78754 0.559666
0.309359 0.549972 -0 0.769165 0.522501
0.301903 0.483261 -0 0.78754 0.559666
0.325127 0.520436 -0 0.782153 0.535131
0.309359 0.549972 -0 0.769165 0.522501
0.309359 0.549972 -0 0.769165 0.522501
0.325127 0.520436 -0 0.782153 0.535131
0.331456 0.589256 -0 0.764093 0.501694
0.325127 0.520436 -0 0.782153 0.535131
0.348348 0.557608 -0 0.777268 0.515213
0.331456 0.589256 -0 0.764093 0.501694
0.230014 0.454144 -0 0.775025 0.599843
0.243067 0.432119 -0 0.787444 0.611931
0.250923 0.495431 -0 0.76803 0.564109
0.243067 0.432119 -0 0.787444 0.611931
0.265166 0.471406 -0 0.781054 0.576102
0.250923 0.495431 -0 0.76803 0.564109
0.250923 0.495431 -0 0.76803 0.564109
0.265166 0.471406 -0 0.781054 0.576102
0.271834 0.536717 -0 0.761683 0.534225
0.265166 0.471406 -0 0.781054 0.576102
0.287263 0.510689 -0 0.774812 0.547102
0.271834 0.536717 -0 0.761683 0.534225
0.271834 0.536717 -0 0.761683 0.534225
0.287263 0.510689 -0 0.774812 0.547102
0.292745 0.578003 -0 0.755575 0.510626
0.287263 0.510689 -0 0.774812 0.547102
0.309359 0.549972 -0 0.769165 0.522501
0.292745 0.578003 -0 0.755575 0.510626
0.292745 0.578003 -0 0.755575 0.510626
0.309359 0.549972 -0 0.769165 0.522501
0.313655 0.619286 -0 0.750367 0.490119
0.309359 0.549972 -0 0.769165 0.522501
0.331456 0.589256 -0 0.764093 0.501694
0.313655 0.619286 -0 0.750367 0.490119
0.196663 0.431747 -0 0.769237 0.633826
0.209103 0.412858 -0 0.78191 0.644712
0.216328 0.474922 -0 0.761614 0.58818
0.209103 0.412858 -0 0.78191 0.644712
0.230014 0.454144 -0 0.775025 0.599843
0.216328 0.474922 -0 0.761614 0.58818
0.216328 0.474922 -0 0.761614 0.58818
0.230014 0.454144 -0 0.775025 0.599843
0.235995 0.518097 -0 0.754346 0.552094
0.230014 0.454144 -0 0.775025 0.599843
0.250923 0.495431 -0 0.76803 0.564109
0.235995 0.518097 -0 0.754346 0.552094
0.235995 0.518097 -0 0.754346 0.552094
0.250923 0.495431 -0 0.76803 0.564109
0.255661 0.561272 -0 0.74768 0.522465
0.250923 0.495431 -0 0.76803 0.564109
0.271834 0.536717 -0 0.761683 0.534225
0.255661 0.561272 -0 0.74768 0.522465
0.255661 0.561272 -0 0.74768 0.522465
0.271834 0.536717 -0 0.761683 0.534225
0.275328 0.604447 -0 0.741368 0.498927
0.271834 0.536717 -0 0.761683 0.534225
0.292745 0.578003 -0 0.755575 0.510626
0.275328 0.604447 -0 0.741368 0.498927
0.275328 0.604447 -0 0.741368 0.498927
0.292745 0.578003 -0 0.755575 0.510626
0.294994 0.647622 -0 0.736076 0.478409
0.292745 0.578003 -0 0.755575 0.510626
0.313655 0.619286 -0 0.750367 0.490119
0.294994 0.647622 -0 0.736076 0.478409
0.165314 0.404508 -0 0.763004 0.68341
0.176997 0.388572 -0 0.776125 0.691759
0.183683 0.449453 -0 0.755393 0.624021
0.176997 0.388572 -0 0.776125 0.691759
0.196663 0.431747 -0 0.769237 0.633826
0.183683 0.449453 -0 0.755393 0.624021
0.183683 0.449453 -0 0.755393 0.624021
0.196663 0.431747 -0 0.769237 0.633826
0.202052 0.4944 -0 0.747381 0.578251
0.196663 0.431747 -0 0.769237 0.633826
0.216328 0.474922 -0 0.761614 0.58818
0.202052 0.4944 -0 0.747381 0.578251
0.202052 0.4944 -0 0.747381 0.578251
0.216328 0.474922 -0 0.761614 0.58818
0.220419 0.539344 -0 0.739822 0.541259
0.216328 0.474922 -0 0.761614 0.58818
0.235995 0.518097 -0 0.754346 0.552094
0.220419 0.539344 -0 0.739822 0.541259
0.220419 0.539344 -0 0.739822 0.541259
0.235995 0.518097 -0 0.754346 0.552094
0.238787 0.584289 -0 0.732909 0.511023
0.235995 0.518097 -0 0.754346 0.552094
0.255661 0.561272 -0 0.74768 0.522465
0.238787 0.584289 -0 0.732909 0.511023
0.238787 0.584289 -0 0.732909 0.511023
0.255661 0.561272 -0 0.74768 0.522465
0.257156 0.629236 -0 0.726412 0.487211
0.255661 0.561272 -0 0.74768 0.522465
0.275328 0.604447 -0 0.741368 0.498927
0.257156 0.629236 -0 0.726412 0.487211
0.257156 0.629236 -0 0.726412 0.487211
0.275328 0.604447 -0 0.741368 0.498927
0.275525 0.674181 -0 0.720803 0.467375
0.275328 0.604447 -0 0.741368 0.498927
0.294994 0.647622 -0 0.736076 0.478409
0.275525 0.674181 -0 0.720803 0.467375
0.15318 0.419336 -0 0.748883 0.675412
0.165314 0.404508 -0 0.763004 0.68341
0.1702 0.465928 -0 0.740719 0.614986
0.165314 0.404508 -0 0.763004 0.68341
0.183683 0.449453 -0 0.755393 0.624021
0.1702 0.465928 -0 0.740719 0.614986
0.1702 0.465928 -0 0.740719 0.614986
0.183683 0.449453 -0 0.755393 0.624021
0.18722 0.512522 -0 0.73229 0.568251
0.183683 0.449453 -0 0.755393 0.624021
0.202052 0.4944 -0 0.747381 0.578251
0.18722 0.512522 -0 0.73229 0.568251
0.18722 0.512522 -0 0.73229 0.568251
0.202052 0.4944 -0 0.747381 0.578251
0.204239 0.559114 -0 0.724499 0.530787
0.202052 0.4944 -0 0.747381 0.578251
0.220419 0.539344 -0 0.739822 0.541259
0.204239 0.559114 -0 0.724499 0.530787
0.204239 0.559114 -0 0.724499 0.530787
0.220419 0.539344 -0 0.739822 0.541259
0.221259 0.605706 -0 0.717306 0.501087
0.220419 0.539344 -0 0.739822 0.541259
0.238787 0.584289 -0 0.732909 0.511023
0.221259 0.605706 -0 0.717306 0.501087
0.221259 0.605706 -0 0.717306 0.501087
0.238787 0.584289 -0 0.732909 0.511023
0.23828 0.6523 -0 0.710798 0.477786
0.238787 0.584289 -0 0.732909 0.511023
0.257156 0.629236 -0 0.726412 0.487211
0.23828 0.6523 -0 0.710798 0.477786
0.23828 0.6523 -0 0.710798 0.477786
0.257156 0.629236 -0 0.726412 0.487211
0.2553 0.698892 -0 0.705273 0.457784
0.257156 0.629236 -0 0.726412 0.487211
0.275525 0.674181 -0 0.720803 0.467375
0.2553 0.698892 -0 0.705273 0.457784
0.15318 0.419336 -0 0.748883 0.675412
0.1702 0.465928 -0 0.740719 0.614986
0.15625 0.481125 -0 0.724693 0.606486
0.15625 0.481125 -0 0.724693 0.606486
0.1702 0.465928 -0 0.740719 0.614986
0.171875 0.529239 -0 0.71614 0.558393
0.1702 0.465928 -0 0.740719 0.614986
0.18722 0.512522 -0 0.73229 0.568251
0.171875 0.529239 -0 0.71614 0.558393
0.171875 0.529239 -0 0.71614 0.558393
0.18722 0.512522 -0 0.73229 0.568251
0.1875 0.57735 -0 0.708209 0.520392
0.18722 0.512522 -0 0.73229 0.568251
0.204239 0.559114 -0 0.724499 0.530787
0.1875 0.57735 -0 0.708209 0.520392
0.1875 0.57735 -0 0.708209 0.520392
0.204239 0.559114 -0 0.724499 0.530787
0.203125 0.625464 -0 0.700884 0.492215
0.204239 0.559114 -0 0.724499 0.530787
0.221259 0.605706 -0 0.717306 0.501087
0.203125 0.625464 -0 0.700884 0.492215
0.203125 0.625464 -0 0.700884 0.492215
0.221259 0.605706 -0 0.717306 0.501087
0.21875 0.673575 -0 0.694408 0.466886
0.221259 0.605706 -0 0.717306 0.501087
0.23828 0.6523 -0 0.710798 0.477786
0.21875 0.673575 -0 0.694408 0.466886
0.21875 0.673575 -0 0.694408 0.466886
0.23828 0.6523 -0 0.710798 0.477786
0.234375 0.721689 -0 0.688848 0.448692
0.23828 0.6523 -0 0.710798 0.477786
0.2553 0.698892 -0 0.705273 0.457784
0.234375 0.721689 -0 0.688848 0.448692
0.141872 0.495003 -0 0.707714 0.59866
0.15625 0.481125 -0 0.724693 0.606486
0.156059 0.544503 -0 0.698962 0.54978
0.15625 0.481125 -0 0.724693 0.606486
0.171875 0.529239 -0 0.71614 0.558393
0.156059 0.544503 -0 0.698962 0.54978
0.156059 0.544503 -0 0.698962 0.54978
0.171875 0.529239 -0 0.71614 0.558393
0.170247 0.594006 -0 0.690679 0.512499
0.171875 0.529239 -0 0.71614 0.558393
0.1875 0.57735 -0 0.708209 0.520392
0.170247 0.594006 -0 0.690679 0.512499
0.170247 0.594006 -0 0.690679 0.512499
0.1875 0.57735 -0 0.708209 0.520392
0.184434 0.643506 -0 0.68332 0.481815
0.1875 0.57735 -0 0.708209 0.520392
0.203125 0.625464 -0 0.700884 0.492215
0.184434 0.643506 -0 0.68332 0.481815
0.184434 0.643506 -0 0.68332 0.481815
0.203125 0.625464 -0 0.700884 0.492215
0.19862 0.693006 -0 0.677308 0.458055
0.203125 0.625464 -0 0.700884 0.492215
0.21875 0.673575 -0 0.694408 0.466886
0.19862 0.693006 -0 0.677308 0.458055
0.19862 0.693006 -0 0.677308 0.458055
0.21875 0.673575 -0 0.694408 0.466886
0.212808 0.742506 -0 0.672015 0.438791
0.21875 0.673575 -0 0.694408 0.466886
0.234375 0.721689 -0 0.688848 0.448692
0.212808 0.742506 -0 0.672015 0.438791
0.127105 0.507525 -0 0.68963 0.591637
0.141872 0.495003 -0 0.707714 0.59866
0.139816 0.558278 -0 0.680624 0.541954
0.141872 0.495003 -0 0.707714 0.59866
0.156059 0.544503 -0 0.698962 0.54978
0.139816 0.558278 -0 0.680624 0.541954
0.139816 0.558278 -0 0.680624 0.541954
0.156059 0.544503 -0 0.698962 0.54978
0.152526 0.609031 -0 0.67267 0.50464
0.156059 0.544503 -0 0.698962 0.54978
0.170247 0.594006 -0 0.690679 0.512499
0.152526 0.609031 -0 0.67267 0.50464
0.152526 0.609031 -0 0.67267 0.50464
0.170247 0.594006 -0 0.690679 0.512499
0.165238 0.659783 -0 0.665785 0.473521
0.170247 0.594006 -0 0.690679 0.512499
0.184434 0.643506 -0 0.68332 0.481815
0.165238 0.659783 -0 0.665785 0.473521
0.165238 0.659783 -0 0.665785 0.473521
0.184434 0.643506 -0 0.68332 0.481815
0.177947 0.710536 -0 0.659434 0.450165
0.184434 0.643506 -0 0.68332 0.481815
0.19862 0.693006 -0 0.677308 0.458055
0.177947 0.710536 -0 0.659434 0.450165
0.177947 0.710536 -0 0.659434 0.450165
0.19862 0.693006 -0 0.677308 0.458055
0.190658 0.761289 -0 0.654808 0.431818
0.19862 0.693006 -0 0.677308 0.458055
0.212808 0.742506 -0 0.672015 0.438791
0.190658 0.761289 -0 0.654808 0.431818
0.11199 0.518656 -0 0.66968 0.585176
0.127105 0.507525 -0 0.68963 0.591637
0.123189 0.570522 -0 0.660561 0.534
0.127105 0.507525 -0 0.68963 0.591637
0.139816 0.558278 -0 0.680624 0.541954
0.123189 0.570522 -0 0.660561 0.534
0.123189 0.570522 -0 0.660561 0.534
0.139816 0.558278 -0 0.680624 0.541954
0.134388 0.622386 -0 0.652913 0.495528
0.139816 0.558278 -0 0.680624 0.541954
0.152526 0.609031 -0 0.67267 0.50464
0.134388 0.622386 -0 0.652913 0.495528
0.134388 0.622386 -0 0.652913 0.495528
0.152526 0.609031 -0 0.67267 0.50464
0.145587 0.674253 -0 0.646241 0.46618
0.152526 0.609031 -0 0.67267 0.50464
0.165238 0.659783 -0 0.665785 0.473521
0.145587 0.674253 -0 0.646241 0.46618
0.145587 0.674253 -0 0.646241 0.46618
0.165238 0.659783 -0 0.665785 0.473521
0.156786 0.726119 -0 0.641317 0.443601
0.165238 0.659783 -0 0.665785 0.473521
0.177947 0.710536 -0 0.659434 0.450165
0.156786 0.726119 -0 0.641317 0.443601
0.156786 0.726119 -0 0.641317 0.443601
0.177947 0.710536 -0 0.659434 0.450165
0.167984 0.777983 -0 0.636088 0.424461
0.177947 0.710536 -0 0.659434 0.450165
0.190658 0.761289 -0 0.654808 0.431818
0.167984 0.777983 -0 0.636088 0.424461
0.0965678 0.528364 -0 0.648358 0.57972
0.11199 0.518656 -0 0.66968 0.585176
0.106225 0.5812 -0 0.63992 0.527948
0.11199 0.518656 -0 0.66968 0.585176
0.123189 0.570522 -0 0.660561 0.534
0.106225 0.5812 -0 0.63992 0.527948
0.106225 0.5812 -0 0.63992 0.527948
0.123189 0.570522 -0 0.660561 0.534
0.115881 0.634039 -0 0.632437 0.489003
0.123189 0.570522 -0 0.660561 0.534
0.134388 0.622386 -0 0.652913 0.495528
0.115881 0.634039 -0 0.632437 0.489003
-0.106225 0.5812 -0 0.351021 0.526716
-0.0889691 0.590289 -0 0.372632 0.52117
-0.115881 0.634039 -0 0.358747 0.489293
-0.11199 0.518656 -0 0.321597 0.583504
-0.0965678 0.528364 -0 0.342176 0.577322
-0.123189 0.570522 -0 0.330558 0.533082
-0.0965678 0.528364 -0 0.342176 0.577322
-0.106225 0.5812 -0 0.351021 0.526716
-0.123189 0.570522 -0 0.330558 0.533082
-0.123189 0.570522 -0 0.330558 0.533082
-0.106225 0.5812 -0 0.351021 0.526716
-0.134388 0.622386 -0 0.338519 0.495954
-0.106225 0.5812 -0 0.351021 0.526716
-0.115881 0.634039 -0 0.358747 0.489293
-0.134388 0.622386 -0 0.338519 0.495954
-0.134388 0.622386 -0 0.338519 0.495954
-0.115881 0.634039 -0 0.358747 0.489293
-0.145587 0.674253 -0 0.345387 0.46628
-0.115881 0.634039 -0 0.358747 0.489293
-0.125538 0.686875 -0 0.364843 0.460186
-0.145587 0.674253 -0 0.345387 0.46628
-0.145587 0.674253 -0 0.345387 0.46628
-0.125538 0.686875 -0 0.364843 0.460186
-0.156786 0.726119 -0 0.351266 0.443413
-0.127105 0.507525 -0 0.302447 0.589426
-0.11199 0.518656 -0 0.321597 0.583504
-0.139816 0.558278 -0 0.311618 0.539991
-0.11199 0.518656 -0 0.321597 0.583504
-0.123189 0.570522 -0 0.330558 0.533082
-0.139816 0.558278 -0 0.311618 0.539991
-0.139816 0.558278 -0 0.311618 0.539991
-0.123189 0.570522 -0 0.330558 0.533082
-0.152526 0.609031 -0 0.319427 0.503573
-0.123189 0.570522 -0 0.330558 0.533082
-0.134388 0.622386 -0 0.338519 0.495954
-0.152526 0.609031 -0 0.319427 0.503573
-0.152526 0.609031 -0 0.319427 0.503573
-0.134388 0.622386 -0 0.338519 0.495954
-0.165238 0.659783 -0 0.326636 0.473727
-0.134388 0.622386 -0 0.338519 0.495954
-0.145587 0.674253 -0 0.345387 0.46628
-0.165238 0.659783 -0 0.326636 0.473727
-0.165238 0.659783 -0 0.326636 0.473727
-0.145587 0.674253 -0 0.345387 0.46628
-0.177947 0.710536 -0 0.333238 0.45002
-0.145587 0.674253 -0 0.345387 0.46628
-0.156786 0.726119 -0 0.351266 0.443413
-0.177947 0.710536 -0 0.333238 0.45002
-0.177947 0.710536 -0 0.333238 0.45002
-0.156786 0.726119 -0 0.351266 0.443413
-0.190658 0.761289 -0 0.338034 0.431407
-0.156786 0.726119 -0 0.351266 0.443413
-0.167984 0.777983 -0 0.355803 0.424129
-0.190658 0.761289 -0 0.338034 0.431407
-0.141872 0.495003 -0 0.284212 0.59595
-0.127105 0.507525 -0 0.302447 0.589426
-0.156059 0.544503 -0 0.29343 0.548487
-0.127105 0.507525 -0 0.302447 0.589426
-0.139816 0.558278 -0 0.311618 0.539991
-0.156059 0.544503 -0 0.29343 0.548487
-0.156059 0.544503 -0 0.29343 0.548487
-0.139816 0.558278 -0 0.311618 0.539991
-0.170247 0.594006 -0 0.301778 0.511834
-0.139816 0.558278 -0 0.311618 0.539991
-0.152526 0.609031 -0 0.319427 0.503573
-0.170247 0.594006 -0 0.301778 0.511834
-0.170247 0.594006 -0 0.301778 0.511834
-0.152526 0.609031 -0 0.319427 0.503573
-0.184434 0.643506 -0 0.308966 0.482188
-0.152526 0.609031 -0 0.319427 0.503573
-0.165238 0.659783 -0 0.326636 0.473727
-0.184434 0.643506 -0 0.308966 0.482188
-0.184434 0.643506 -0 0.308966 0.482188
-0.165238 0.659783 -0 0.326636 0.473727
-0.19862 0.693006 -0 0.315254 0.458013
-0.165238 0.659783 -0 0.326636 0.473727
-0.177947 0.710536 -0 0.333238 0.45002
-0.19862 0.693006 -0 0.315254 0.458013
-0.19862 0.693006 -0 0.315254 0.458013
-0.177947 0.710536 -0 0.333238 0.45002
-0.212808 0.742506 -0 0.320747 0.440176
-0.177947 0.710536 -0 0.333238 0.45002
-0.190658 0.761289 -0 0.338034 0.431407
-0.212808 0.742506 -0 0.320747 0.440176
-0.15625 0.481125 -0 0.267475 0.602666
-0.141872 0.495003 -0 0.284212 0.59595
-0.171875 0.529239 -0 0.276472 0.556521
-0.141872 0.495003 -0 0.284212 0.59595
-0.156059 0.544503 -0 0.29343 0.548487
-0.171875 0.529239 -0 0.276472 0.556521
-0.171875 0.529239 -0 0.276472 0.556521
-0.156059 0.544503 -0 0.29343 0.548487
-0.1875 0.57735 -0 0.284757 0.520275
-0.156059 0.544503 -0 0.29343 0.548487
-0.170247 0.594006 -0 0.301778 0.511834
-0.1875 0.57735 -0 0.284757 0.520275
-0.1875 0.57735 -0 0.284757 0.520275
-0.170247 0.594006 -0 0.301778 0.511834
-0.203125 0.625464 -0 0.2921 0.491296
-0.170247 0.594006 -0 0.301778 0.511834
-0.184434 0.643506 -0 0.308966 0.482188
-0.203125 0.625464 -0 0.2921 0.491296
-0.203125 0.625464 -0 0.2921 0.491296
-0.184434 0.643506 -0 0.308966 0.482188
-0.21875 0.673575 -0 0.298446 0.466993
-0.184434 0.643506 -0 0.308966 0.482188
-0.19862 0.693006 -0 0.315254 0.458013
-0.21875 0.673575 -0 0.298446 0.466993
-0.21875 0.673575 -0 0.298446 0.466993
-0.19862 0.693006 -0 0.315254 0.458013
-0.234375 0.721689 -0 0.304317 0.448409
-0.19862 0.693006 -0 0.315254 0.458013
-0.212808 0.742506 -0 0.320747 0.440176
-0.234375 0.721689 -0 0.304317 0.448409
-0.1702 0.465928 -0 0.252142 0.611208
-0.15625 0.481125 -0 0.267475 0.602666
-0.18722 0.512522 -0 0.260779 0.565101
-0.15625 0.481125 -0 0.267475 0.602666
-0.171875 0.529239 -0 0.276472 0.556521
-0.18722 0.512522 -0 0.260779 0.565101
-0.18722 0.512522 -0 0.260779 0.565101
-0.171875 0.529239 -0 0.276472 0.556521
-0.204239 0.559114 -0 0.268913 0.53002
-0.171875 0.529239 -0 0.276472 0.556521
-0.1875 0.57735 -0 0.284757 0.520275
-0.204239 0.559114 -0 0.268913 0.53002
-0.204239 0.559114 -0 0.268913 0.53002
-0.1875 0.57735 -0 0.284757 0.520275
-0.221259 0.605706 -0 0.275958 0.500652
-0.1875 0.57735 -0 0.284757 0.520275
-0.203125 0.625464 -0 0.2921 0.491296
-0.221259 0.605706 -0 0.275958 0.500652
-0.221259 0.605706 -0 0.275958 0.500652
-0.203125 0.625464 -0 0.2921 0.491296
-0.23828 0.6523 -0 0.28252 0.476621
-0.203125 0.625464 -0 0.2921 0.491296
-0.21875 0.673575 -0 0.298446 0.466993
-0.23828 0.6523 -0 0.28252 0.476621
-0.23828 0.6523 -0 0.28252 0.476621
-0.21875 0.673575 -0 0.298446 0.466993
-0.2553 0.698892 -0 0.287942 0.457656
-0.21875 0.673575 -0 0.298446 0.466993
-0.234375 0.721689 -0 0.304317 0.448409
-0.2553 0.698892 -0 0.287942 0.457656
-0.165314 0.404508 -0 0.229594 0.677278
-0.15318 0.419336 -0 0.243547 0.67017
-0.183683 0.449453 -0 0.23759 0.61984
-0.15318 0.419336 -0 0.243547 0.67017
-0.1702 0.465928 -0 0.252142 0.611208
-0.183683 0.449453 -0 0.23759 0.61984
-0.183683 0.449453 -0 0.23759 0.61984
-0.1702 0.465928 -0 0.252142 0.611208
-0.202052 0.4944 -0 0.245865 0.574507
-0.1702 0.465928 -0 0.252142 0.611208
-0.18722 0.512522 -0 0.260779 0.565101
-0.202052 0.4944 -0 0.245865 0.574507
-0.202052 0.4944 -0 0.245865 0.574507
-0.18722 0.512522 -0 0.260779 0.565101
-0.220419 0.539344 -0 0.253811 0.538951
-0.18722 0.512522 -0 0.260779 0.565101
-0.204239 0.559114 -0 0.268913 0.53002
-0.220419 0.539344 -0 0.253811 0.538951
-0.220419 0.539344 -0 0.253811 0.538951
-0.204239 0.559114 -0 0.268913 0.53002
-0.238787 0.584289 -0 0.260953 0.509921
-0.204239 0.559114 -0 0.268913 0.53002
-0.221259 0.605706 -0 0.275958 0.500652
-0.238787 0.584289 -0 0.260953 0.509921
-0.238787 0.584289 -0 0.260953 0.509921
-0.221259 0.605706 -0 0.275958 0.500652
-0.257156 0.629236 -0 0.26697 0.486496
-0.221259 0.605706 -0 0.275958 0.500652
-0.23828 0.6523 -0 0.28252 0.476621
-0.257156 0.629236 -0 0.26697 0.486496
-0.257156 0.629236 -0 0.26697 0.486496
-0.23828 0.6523 -0 0.28252 0.476621
-0.275525 0.674181 -0 0.272643 0.467482
-0.23828 0.6523 -0 0.28252 0.476621
-0.2553 0.698892 -0 0.287942 0.457656
-0.275525 0.674181 -0 0.272643 0.467482
-0.176997 0.388572 -0 0.216655 0.684907
-0.165314 0.404508 -0 0.229594 0.677278
-0.196663 0.431747 -0 0.224153 0.629235
-0.165314 0.404508 -0 0.229594 0.677278
-0.183683 0.449453 -0 0.23759 0.61984
-0.196663 0.431747 -0 0.224153 0.629235
-0.196663 0.431747 -0 0.224153 0.629235
-0.183683 0.449453 -0 0.23759 0.61984
-0.216328 0.474922 -0 0.231952 0.584816
-0.183683 0.449453 -0 0.23759 0.61984
-0.202052 0.4944 -0 0.245865 0.574507
-0.216328 0.474922 -0 0.231952 0.584816
-0.216328 0.474922 -0 0.231952 0.584816
-0.202052 0.4944 -0 0.245865 0.574507
-0.235995 0.518097 -0 0.239584 0.550251
-0.202052 0.4944 -0 0.245865 0.574507
-0.220419 0.539344 -0 0.253811 0.538951
-0.235995 0.518097 -0 0.239584 0.550251
-0.235995 0.518097 -0 0.239584 0.550251
-0.220419 0.539344 -0 0.253811 0.538951
-0.255661 0.561272 -0 0.246196 0.521097
-0.220419 0.539344 -0 0.253811 0.538951
-0.238787 0.584289 -0 0.260953 0.509921
-0.255661 0.561272 -0 0.246196 0.521097
-0.255661 0.561272 -0 0.246196 0.521097
-0.238787 0.584289 -0 0.260953 0.509921
-0.275328 0.604447 -0 0.252368 0.497575
-0.238787 0.584289 -0 0.260953 0.509921
-0.257156 0.629236 -0 0.26697 0.486496
-0.275328 0.604447 -0 0.252368 0.497575
-0.275328 0.604447 -0 0.252368 0.497575
-0.257156 0.629236 -0 0.26697 0.486496
-0.294994 0.647622 -0 0.257918 0.478922
-0.257156 0.629236 -0 0.26697 0.486496
-0.275525 0.674181 -0 0.272643 0.467482
-0.294994 0.647622 -0 0.257918 0.478922
-0.176997 0.388572 -0 0.216655 0.684907
-0.196663 0.431747 -0 0.224153 0.629235
-0.209103 0.412858 -0 0.211683 0.639551
-0.209103 0.412858 -0 0.211683 0.639551
-0.196663 0.431747 -0 0.224153 0.629235
-0.230014 0.454144 -0 0.218844 0.59629
-0.196663 0.431747 -0 0.224153 0.629235
-0.216328 0.474922 -0 0.231952 0.584816
-0.230014 0.454144 -0 0.218844 0.59629
-0.230014 0.454144 -0 0.218844 0.59629
-0.216328 0.474922 -0 0.231952 0.584816
-0.250923 0.495431 -0 0.225851 0.561181
-0.216328 0.474922 -0 0.231952 0.584816
-0.235995 0.518097 -0 0.239584 0.550251
-0.250923 0.495431 -0 0.225851 0.561181
-0.250923 0.495431 -0 0.225851 0.561181
-0.235995 0.518097 -0 0.239584 0.550251
-0.271834 0.536717 -0 0.232413 0.532046
-0.235995 0.518097 -0 0.239584 0.550251
-0.255661 0.561272 -0 0.246196 0.521097
-0.271834 0.536717 -0 0.232413 0.532046
-0.271834 0.536717 -0 0.232413 0.532046
-0.255661 0.561272 -0 0.246196 0.521097
-0.292745 0.578003 -0 0.238527 0.509121
-0.255661 0.561272 -0 0.246196 0.521097
-0.275328 0.604447 -0 0.252368 0.497575
-0.292745 0.578003 -0 0.238527 0.509121
-0.292745 0.578003 -0 0.238527 0.509121
-0.275328 0.604447 -0 0.252368 0.497575
-0.313655 0.619286 -0 0.243932 0.489973
-0.275328 0.604447 -0 0.252368 0.497575
-0.294994 0.647622 -0 0.257918 0.478922
-0.313655 0.619286 -0 0.243932 0.489973
-0.22097 0.392836 -0 0.199847 0.650432
-0.209103 0.412858 -0 0.211683 0.639551
-0.243067 0.432119 -0 0.206526 0.607609
-0.209103 0.412858 -0 0.211683 0.639551
-0.230014 0.454144 -0 0.218844 0.59629
-0.243067 0.432119 -0 0.206526 0.607609
-0.243067 0.432119 -0 0.206526 0.607609
-0.230014 0.454144 -0 0.218844 0.59629
-0.265166 0.471406 -0 0.213187 0.572811
-0.230014 0.454144 -0 0.218844 0.59629
-0.250923 0.495431 -0 0.225851 0.561181
-0.265166 0.471406 -0 0.213187 0.572811
-0.265166 0.471406 -0 0.213187 0.572811
-0.250923 0.495431 -0 0.225851 0.561181
-0.287263 0.510689 -0 0.219425 0.545057
-0.250923 0.495431 -0 0.225851 0.561181
-0.271834 0.536717 -0 0.232413 0.532046
-0.287263 0.510689 -0 0.219425 0.545057
-0.287263 0.510689 -0 0.219425 0.545057
-0.271834 0.536717 -0 0.232413 0.532046
-0.309359 0.549972 -0 0.225089 0.521373
-0.271834 0.536717 -0 0.232413 0.532046
-0.292745 0.578003 -0 0.238527 0.509121
-0.309359 0.549972 -0 0.225089 0.521373
-0.309359 0.549972 -0 0.225089 0.521373
-0.292745 0.578003 -0 0.238527 0.509121
-0.331456 0.589256 -0 0.230399 0.501354
-0.292745 0.578003 -0 0.238527 0.509121
-0.313655 0.619286 -0 0.243932 0.489973
-0.331456 0.589256 -0 0.230399 0.501354
-0.22097 0.392836 -0 0.199847 0.650432
-0.243067 0.432119 -0 0.206526 0.607609
-0.255456 0.408914 -0 0.194855 0.619413
-0.255456 0.408914 -0 0.194855 0.619413
-0.243067 0.432119 -0 0.206526 0.607609
-0.27868 0.446086 -0 0.201082 0.58532
-0.243067 0.432119 -0 0.206526 0.607609
-0.265166 0.471406 -0 0.213187 0.572811
-0.27868 0.446086 -0 0.201082 0.58532
-0.27868 0.446086 -0 0.201082 0.58532
-0.265166 0.471406 -0 0.213187 0.572811
-0.301903 0.483261 -0 0.206929 0.557197
-0.265166 0.471406 -0 0.213187 0.572811
-0.287263 0.510689 -0 0.219425 0.545057
-0.301903 0.483261 -0 0.206929 0.557197
-0.301903 0.483261 -0 0.206929 0.557197
-0.287263 0.510689 -0 0.219425 0.545057
-0.325127 0.520436 -0 0.212296 0.533211
-0.287263 0.510689 -0 0.219425 0.545057
-0.309359 0.549972 -0 0.225089 0.521373
-0.325127 0.520436 -0 0.212296 0.533211
-0.325127 0.520436 -0 0.212296 0.533211
-0.309359 0.549972 -0 0.225089 0.521373
-0.348348 0.557608 -0 0.217237 0.513258
-0.309359 0.549972 -0 0.225089 0.521373
-0.331456 0.589256 -0 0.230399 0.501354
-0.348348 0.557608 -0 0.217237 0.513258
-0.255456 0.408914 -0 0.194855 0.619413
-0.27868 0.446086 -0 0.201082 0.58532
-0.29143 0.419547 -0 0.18951 0.598248
-0.29143 0.419547 -0 0.18951 0.598248
-0.27868 0.446086 -0 0.201082 0.58532
-0.315716 0.454508 -0 0.195021 0.570005
-0.27868 0.446086 -0 0.201082 0.58532
-0.301903 0.483261 -0 0.206929 0.557197
-0.315716 0.454508 -0 0.195021 0.570005
-0.315716 0.454508 -0 0.195021 0.570005
-0.301903 0.483261 -0 0.206929 0.557197
-0.340002 0.489472 -0 0.200148 0.54686
-0.301903 0.483261 -0 0.206929 0.557197
-0.325127 0.520436 -0 0.212296 0.533211
-0.340002 0.489472 -0 0.200148 0.54686
-0.340002 0.489472 -0 0.200148 0.54686
-0.325127 0.520436 -0 0.212296 0.533211
-0.364287 0.524433 -0 0.204898 0.526484
-0.325127 0.520436 -0 0.212296 0.533211
-0.348348 0.557608 -0 0.217237 0.513258
-0.364287 0.524433 -0 0.204898 0.526484
-0.29143 0.419547 -0 0.18951 0.598248
-0.315716 0.454508 -0 0.195021 0.570005
-0.328663 0.424511 -0 0.183665 0.583509
-0.328663 0.424511 -0 0.183665 0.583509
-0.315716 0.454508 -0 0.195021 0.570005
-0.353945 0.457167 -0 0.188476 0.560226
-0.315716 0.454508 -0 0.195021 0.570005
-0.340002 0.489472 -0 0.200148 0.54686
-0.353945 0.457167 -0 0.188476 0.560226
-0.353945 0.457167 -0 0.188476 0.560226
-0.340002 0.489472 -0 0.200148 0.54686
-0.379227 0.489822 -0 0.192977 0.540502
-0.340002 0.489472 -0 0.200148 0.54686
-0.364287 0.524433 -0 0.204898 0.526484
-0.379227 0.489822 -0 0.192977 0.540502
-0.353945 0.457167 -0 0.188476 0.560226
-0.379227 0.489822 -0 0.192977 0.540502
-0.393127 0.453867 -0 0.181563 0.554554
