-0.728115 0.529007 -0 0.5644 0.629783
-0.699431 0.566388 -0 0.575962 0.651517
-0.776656 0.564274 -0 0.580889 0.605969
-0.754803 0.490175 -0 0.552681 0.607807
-0.728115 0.529007 -0 0.5644 0.629783
-0.805124 0.522853 -0 0.568692 0.585294
-0.728115 0.529007 -0 0.5644 0.629783
-0.776656 0.564274 -0 0.580889 0.605969
-0.805124 0.522853 -0 0.568692 0.585294
-0.805124 0.522853 -0 0.568692 0.585294
-0.776656 0.564274 -0 0.580889 0.605969
-0.855444 0.555532 -0 0.583277 0.562597
-0.727461 0.42 -0 0.522437 0.611526
-0.704483 0.457497 -0 0.534336 0.633022
-0.779423 0.45 -0 0.540123 0.587575
-0.704483 0.457497 -0 0.534336 0.633022
-0.754803 0.490175 -0 0.552681 0.607807
-0.779423 0.45 -0 0.540123 0.587575
-0.779423 0.45 -0 0.540123 0.587575
-0.754803 0.490175 -0 0.552681 0.607807
-0.831384 0.48 -0 0.555623 0.564801
-0.754803 0.490175 -0 0.552681 0.607807
-0.805124 0.522853 -0 0.568692 0.585294
-0.831384 0.48 -0 0.555623 0.564801
-0.831384 0.48 -0 0.555623 0.564801
-0.805124 0.522853 -0 0.568692 0.585294
-0.883346 0.51 -0 0.569773 0.541874
-0.805124 0.522853 -0 0.568692 0.585294
-0.855444 0.555532 -0 0.583277 0.562597
-0.883346 0.51 -0 0.569773 0.541874
-0.883346 0.51 -0 0.569773 0.541874
-0.855444 0.555532 -0 0.583277 0.562597
-0.935307 0.54 -0 0.582458 0.520796
-0.855444 0.555532 -0 0.583277 0.562597
-0.905764 0.58821 -0 0.596326 0.541666
-0.935307 0.54 -0 0.582458 0.520796
-0.935307 0.54 -0 0.582458 0.520796
-0.905764 0.58821 -0 0.596326 0.541666
-0.987269 0.57 -0 0.593654 0.501819
-0.748445 0.381352 -0 0.510931 0.593824
-0.727461 0.42 -0 0.522437 0.611526
-0.801906 0.408591 -0 0.526896 0.567944
-0.727461 0.42 -0 0.522437 0.611526
-0.779423 0.45 -0 0.540123 0.587575
-0.801906 0.408591 -0 0.526896 0.567944
-0.801906 0.408591 -0 0.526896 0.567944
-0.779423 0.45 -0 0.540123 0.587575
-0.855366 0.435831 -0 0.541738 0.544951
-0.779423 0.45 -0 0.540123 0.587575
-0.831384 0.48 -0 0.555623 0.564801
-0.855366 0.435831 -0 0.541738 0.544951
-0.855366 0.435831 -0 0.541738 0.544951
-0.831384 0.48 -0 0.555623 0.564801
-0.908827 0.46307 -0 0.555292 0.523593
-0.831384 0.48 -0 0.555623 0.564801
-0.883346 0.51 -0 0.569773 0.541874
-0.908827 0.46307 -0 0.555292 0.523593
-0.908827 0.46307 -0 0.555292 0.523593
-0.883346 0.51 -0 0.569773 0.541874
-0.962287 0.49031 -0 0.567504 0.50237
-0.883346 0.51 -0 0.569773 0.541874
-0.935307 0.54 -0 0.582458 0.520796
-0.962287 0.49031 -0 0.567504 0.50237
-0.962287 0.49031 -0 0.567504 0.50237
-0.935307 0.54 -0 0.582458 0.520796
-1.01575 0.517549 -0 0.579194 0.484965
-0.935307 0.54 -0 0.582458 0.520796
-0.987269 0.57 -0 0.593654 0.501819
-1.01575 0.517549 -0 0.579194 0.484965
-1.01575 0.517549 -0 0.579194 0.484965
-0.987269 0.57 -0 0.593654 0.501819
-1.06921 0.544789 -0 0.588627 0.466281
-0.987269 0.57 -0 0.593654 0.501819
-1.03923 0.6 -0 0.603466 0.484945
-1.06921 0.544789 -0 0.588627 0.466281
-1.06921 0.544789 -0 0.588627 0.466281
-1.03923 0.6 -0 0.603466 0.484945
-1.12267 0.572028 -0 0.597614 0.451481
-0.767378 0.341659 -0 0.498136 0.575355
-0.748445 0.381352 -0 0.510931 0.593824
-0.822191 0.366063 -0 0.514188 0.550912
-0.748445 0.381352 -0 0.510931 0.593824
-0.801906 0.408591 -0 0.526896 0.567944
-0.822191 0.366063 -0 0.514188 0.550912
-0.822191 0.366063 -0 0.514188 0.550912
-0.801906 0.408591 -0 0.526896 0.567944
-0.877004 0.390467 -0 0.528222 0.527775
-0.801906 0.408591 -0 0.526896 0.567944
-0.855366 0.435831 -0 0.541738 0.544951
-0.877004 0.390467 -0 0.528222 0.527775
-0.877004 0.390467 -0 0.528222 0.527775
-0.855366 0.435831 -0 0.541738 0.544951
-0.931816 0.414871 -0 0.541079 0.50629
-0.855366 0.435831 -0 0.541738 0.544951
-0.908827 0.46307 -0 0.555292 0.523593
-0.931816 0.414871 -0 0.541079 0.50629
-0.931816 0.414871 -0 0.541079 0.50629
-0.908827 0.46307 -0 0.555292 0.523593
-0.986629 0.439276 -0 0.553599 0.486738
-0.908827 0.46307 -0 0.555292 0.523593
-0.962287 0.49031 -0 0.567504 0.50237
-0.986629 0.439276 -0 0.553599 0.486738
-0.986629 0.439276 -0 0.553599 0.486738
-0.962287 0.49031 -0 0.567504 0.50237
-1.04144 0.46368 -0 0.563842 0.467508
-0.962287 0.49031 -0 0.567504 0.50237
-1.01575 0.517549 -0 0.579194 0.484965
-1.04144 0.46368 -0 0.563842 0.467508
-1.04144 0.46368 -0 0.563842 0.467508
-1.01575 0.517549 -0 0.579194 0.484965
-1.09625 0.488084 -0 0.573695 0.450445
-1.01575 0.517549 -0 0.579194 0.484965
-1.06921 0.544789 -0 0.588627 0.466281
-1.09625 0.488084 -0 0.573695 0.450445
-1.09625 0.488084 -0 0.573695 0.450445
-1.06921 0.544789 -0 0.588627 0.466281
-1.15107 0.512488 -0 0.582261 0.435548
-1.06921 0.544789 -0 0.588627 0.466281
-1.12267 0.572028 -0 0.597614 0.451481
-1.15107 0.512488 -0 0.582261 0.435548
-1.15107 0.512488 -0 0.582261 0.435548
-1.12267 0.572028 -0 0.597614 0.451481
-1.20588 0.536892 -0 0.589619 0.421035
-1.12267 0.572028 -0 0.597614 0.451481
-1.17613 0.599267 -0 0.605342 0.437142
-1.20588 0.536892 -0 0.589619 0.421035
-1.20588 0.536892 -0 0.589619 0.421035
-1.17613 0.599267 -0 0.605342 0.437142
-1.26069 0.561297 -0 0.596676 0.408641
-1.17613 0.599267 -0 0.605342 0.437142
-1.22959 0.626507 -0 0.612726 0.424878
-1.26069 0.561297 -0 0.596676 0.408641
-1.26069 0.561297 -0 0.596676 0.408641
-1.22959 0.626507 -0 0.612726 0.424878
-1.31551 0.585701 -0 0.603355 0.396782
-0.728193 0.279527 -0 0.471403 0.585222
-0.712565 0.317255 -0 0.482354 0.602189
-0.784208 0.301029 -0 0.486136 0.55977
-0.712565 0.317255 -0 0.482354 0.602189
-0.767378 0.341659 -0 0.498136 0.575355
-0.784208 0.301029 -0 0.486136 0.55977
-0.784208 0.301029 -0 0.486136 0.55977
-0.767378 0.341659 -0 0.498136 0.575355
-0.840222 0.322531 -0 0.501197 0.53517
-0.767378 0.341659 -0 0.498136 0.575355
-0.822191 0.366063 -0 0.514188 0.550912
-0.840222 0.322531 -0 0.501197 0.53517
-0.840222 0.322531 -0 0.501197 0.53517
-0.822191 0.366063 -0 0.514188 0.550912
-0.896237 0.344033 -0 0.514326 0.51191
-0.822191 0.366063 -0 0.514188 0.550912
-0.877004 0.390467 -0 0.528222 0.527775
-0.896237 0.344033 -0 0.514326 0.51191
-0.896237 0.344033 -0 0.514326 0.51191
-0.877004 0.390467 -0 0.528222 0.527775
-0.952252 0.365535 -0 0.527353 0.490349
-0.877004 0.390467 -0 0.528222 0.527775
-0.931816 0.414871 -0 0.541079 0.50629
-0.952252 0.365535 -0 0.527353 0.490349
-0.952252 0.365535 -0 0.527353 0.490349
-0.931816 0.414871 -0 0.541079 0.50629
-1.00827 0.387037 -0 0.538177 0.470733
-0.931816 0.414871 -0 0.541079 0.50629
-0.986629 0.439276 -0 0.553599 0.486738
-1.00827 0.387037 -0 0.538177 0.470733
-1.00827 0.387037 -0 0.538177 0.470733
-0.986629 0.439276 -0 0.553599 0.486738
-1.06428 0.408539 -0 0.548731 0.453189
-0.986629 0.439276 -0 0.553599 0.486738
-1.04144 0.46368 -0 0.563842 0.467508
-1.06428 0.408539 -0 0.548731 0.453189
-1.06428 0.408539 -0 0.548731 0.453189
-1.04144 0.46368 -0 0.563842 0.467508
-1.1203 0.430042 -0 0.558005 0.436026
-1.04144 0.46368 -0 0.563842 0.467508
-1.09625 0.488084 -0 0.573695 0.450445
-1.1203 0.430042 -0 0.558005 0.436026
-1.1203 0.430042 -0 0.558005 0.436026
-1.09625 0.488084 -0 0.573695 0.450445
-1.17631 0.451544 -0 0.566952 0.421067
-1.09625 0.488084 -0 0.573695 0.450445
-1.15107 0.512488 -0 0.582261 0.435548
-1.17631 0.451544 -0 0.566952 0.421067
-1.17631 0.451544 -0 0.566952 0.421067
-1.15107 0.512488 -0 0.582261 0.435548
-1.23233 0.473046 -0 0.574671 0.406498
-1.15107 0.512488 -0 0.582261 0.435548
-1.20588 0.536892 -0 0.589619 0.421035
-1.23233 0.473046 -0 0.574671 0.406498
-1.23233 0.473046 -0 0.574671 0.406498
-1.20588 0.536892 -0 0.589619 0.421035
-1.28834 0.494548 -0 0.581238 0.393999
-1.20588 0.536892 -0 0.589619 0.421035
-1.26069 0.561297 -0 0.596676 0.408641
-1.28834 0.494548 -0 0.581238 0.393999
-1.28834 0.494548 -0 0.581238 0.393999
-1.26069 0.561297 -0 0.596676 0.408641
-1.34436 0.51605 -0 0.58758 0.38355
-1.26069 0.561297 -0 0.596676 0.408641
-1.31551 0.585701 -0 0.603355 0.396782
-1.34436 0.51605 -0 0.58758 0.38355
-1.34436 0.51605 -0 0.58758 0.38355
-1.31551 0.585701 -0 0.603355 0.396782
-1.40037 0.537552 -0 0.592779 0.371796
-1.31551 0.585701 -0 0.603355 0.396782
-1.37032 0.610105 -0 0.609033 0.386782
-1.40037 0.537552 -0 0.592779 0.371796
-1.40037 0.537552 -0 0.592779 0.371796
-1.37032 0.610105 -0 0.609033 0.386782
-1.45639 0.559054 -0 0.597999 0.363347
-1.37032 0.610105 -0 0.609033 0.386782
-1.42513 0.634509 -0 0.61445 0.377158
-1.45639 0.559054 -0 0.597999 0.363347
-1.45639 0.559054 -0 0.597999 0.363347
-1.42513 0.634509 -0 0.61445 0.377158
-1.61025 0.618117 0.0036 0.610012 0.339697
-1.83431 0.704126 0.09 0.625326 0.292105
-1.79495 0.799161 0.09 0.640939 0.304208
-1.89033 0.725628 0.1296 0.628547 0.276894
-1.94634 0.74713 0.1764 0.631892 0.261843
-1.90457 0.84797 0.1764 0.648099 0.273761
-2.00235 0.768632 0.2304 0.634911 0.245107
-1.90457 0.84797 0.1764 0.648099 0.273761
-1.95938 0.872374 0.2304 0.65111 0.257349
-2.00235 0.768632 0.2304 0.634911 0.245107
-2.00235 0.768632 0.2304 0.634911 0.245107
-1.95938 0.872374 0.2304 0.65111 0.257349
-2.05837 0.790134 0.2916 0.637442 0.227364
-1.95938 0.872374 0.2304 0.65111 0.257349
-2.0142 0.896778 0.2916 0.653901 0.239295
-2.05837 0.790134 0.2916 0.637442 0.227364
-2.05837 0.790134 0.2916 0.637442 0.227364
-2.0142 0.896778 0.2916 0.653901 0.239295
-2.11438 0.811636 0.36 0.640391 0.209826
-2.0142 0.896778 0.2916 0.653901 0.239295
-2.06901 0.921182 0.36 0.656946 0.22155
-2.11438 0.811636 0.36 0.640391 0.209826
-2.11438 0.811636 0.36 0.640391 0.209826
-2.06901 0.921182 0.36 0.656946 0.22155
-2.1704 0.833138 0.4356 0.642829 0.191875
-2.06901 0.921182 0.36 0.656946 0.22155
-2.12382 0.945586 0.4356 0.659872 0.202569
-2.1704 0.833138 0.4356 0.642829 0.191875
-2.1704 0.833138 0.4356 0.642829 0.191875
-2.12382 0.945586 0.4356 0.659872 0.202569
-2.22641 0.85464 0.5184 0.644865 0.172621
-2.12382 0.945586 0.4356 0.659872 0.202569
-2.17863 0.969991 0.5184 0.661985 0.184069
-2.22641 0.85464 0.5184 0.644865 0.172621
-0.741824 0.241033 -0 0.459499 0.571222
-0.728193 0.279527 -0 0.471403 0.585222
-0.798887 0.259574 -0 0.474082 0.545615
-0.728193 0.279527 -0 0.471403 0.585222
-0.784208 0.301029 -0 0.486136 0.55977
-0.798887 0.259574 -0 0.474082 0.545615
-0.798887 0.259574 -0 0.474082 0.545615
-0.784208 0.301029 -0 0.486136 0.55977
-0.855951 0.278115 -0 0.488073 0.520913
-0.784208 0.301029 -0 0.486136 0.55977
-0.840222 0.322531 -0 0.501197 0.53517
-0.855951 0.278115 -0 0.488073 0.520913
-0.855951 0.278115 -0 0.488073 0.520913
-0.840222 0.322531 -0 0.501197 0.53517
-0.913014 0.296656 -0 0.501222 0.497578
-0.840222 0.322531 -0 0.501197 0.53517
-0.896237 0.344033 -0 0.514326 0.51191
-0.913014 0.296656 -0 0.501222 0.497578
-0.913014 0.296656 -0 0.501222 0.497578
-0.896237 0.344033 -0 0.514326 0.51191
-0.970078 0.315197 -0 0.512336 0.477775
-0.896237 0.344033 -0 0.514326 0.51191
-0.952252 0.365535 -0 0.527353 0.490349
-0.970078 0.315197 -0 0.512336 0.477775
-0.970078 0.315197 -0 0.512336 0.477775
-0.952252 0.365535 -0 0.527353 0.490349
-1.02714 0.333738 -0 0.523334 0.458099
-0.952252 0.365535 -0 0.527353 0.490349
-1.00827 0.387037 -0 0.538177 0.470733
-1.02714 0.333738 -0 0.523334 0.458099
-1.02714 0.333738 -0 0.523334 0.458099
-1.00827 0.387037 -0 0.538177 0.470733
-1.0842 0.352279 -0 0.533125 0.438726
-1.00827 0.387037 -0 0.538177 0.470733
-1.06428 0.408539 -0 0.548731 0.453189
-1.0842 0.352279 -0 0.533125 0.438726
-1.0842 0.352279 -0 0.533125 0.438726
-1.06428 0.408539 -0 0.548731 0.453189
-1.14127 0.37082 -0 0.542704 0.423242
-1.06428 0.408539 -0 0.548731 0.453189
-1.1203 0.430042 -0 0.558005 0.436026
-1.14127 0.37082 -0 0.542704 0.423242
-1.14127 0.37082 -0 0.542704 0.423242
-1.1203 0.430042 -0 0.558005 0.436026
-1.19833 0.389361 -0 0.551032 0.408173
-1.1203 0.430042 -0 0.558005 0.436026
-1.17631 0.451544 -0 0.566952 0.421067
-1.19833 0.389361 -0 0.551032 0.408173
-1.19833 0.389361 -0 0.551032 0.408173
-1.17631 0.451544 -0 0.566952 0.421067
-1.25539 0.407902 -0 0.558171 0.393473
-1.17631 0.451544 -0 0.566952 0.421067
-1.23233 0.473046 -0 0.574671 0.406498
-1.25539 0.407902 -0 0.558171 0.393473
-1.25539 0.407902 -0 0.558171 0.393473
-1.23233 0.473046 -0 0.574671 0.406498
-1.31246 0.426443 -0 0.565126 0.382554
-1.23233 0.473046 -0 0.574671 0.406498
-1.28834 0.494548 -0 0.581238 0.393999
-1.31246 0.426443 -0 0.565126 0.382554
-1.31246 0.426443 -0 0.565126 0.382554
-1.28834 0.494548 -0 0.581238 0.393999
-1.36952 0.444984 -0 0.571788 0.37039
-1.28834 0.494548 -0 0.581238 0.393999
-1.34436 0.51605 -0 0.58758 0.38355
-1.36952 0.444984 -0 0.571788 0.37039
-1.36952 0.444984 -0 0.571788 0.37039
-1.34436 0.51605 -0 0.58758 0.38355
-1.42658 0.463525 -0 0.577423 0.360076
-1.34436 0.51605 -0 0.58758 0.38355
-1.40037 0.537552 -0 0.592779 0.371796
-1.42658 0.463525 -0 0.577423 0.360076
-1.42658 0.463525 -0 0.577423 0.360076
-1.40037 0.537552 -0 0.592779 0.371796
-1.48365 0.482067 -0 0.581944 0.350109
-1.40037 0.537552 -0 0.592779 0.371796
-1.45639 0.559054 -0 0.597999 0.363347
-1.48365 0.482067 -0 0.581944 0.350109
-1.48365 0.482067 -0 0.581944 0.350109
-1.45639 0.559054 -0 0.597999 0.363347
-1.64039 0.532996 0.0036 0.594268 0.327468
-1.45639 0.559054 -0 0.597999 0.363347
-1.61025 0.618117 0.0036 0.610012 0.339697
-1.64039 0.532996 0.0036 0.594268 0.327468
-1.64039 0.532996 0.0036 0.594268 0.327468
-1.61025 0.618117 0.0036 0.610012 0.339697
-1.69746 0.551537 0.0144 0.59815 0.317124
-1.61025 0.618117 0.0036 0.610012 0.339697
-1.66627 0.63962 0.0144 0.614217 0.329717
-1.69746 0.551537 0.0144 0.59815 0.317124
-1.69746 0.551537 0.0144 0.59815 0.317124
-1.66627 0.63962 0.0144 0.614217 0.329717
-1.75452 0.570078 0.0324 0.601593 0.306095
-1.66627 0.63962 0.0144 0.614217 0.329717
-1.72228 0.661122 0.0324 0.618212 0.318589
-1.75452 0.570078 0.0324 0.601593 0.306095
-1.75452 0.570078 0.0324 0.601593 0.306095
-1.72228 0.661122 0.0324 0.618212 0.318589
-1.81158 0.588619 0.0576 0.605586 0.294217
-1.72228 0.661122 0.0324 0.618212 0.318589
-1.7783 0.682624 0.0576 0.621603 0.305572
-1.81158 0.588619 0.0576 0.605586 0.294217
-1.81158 0.588619 0.0576 0.605586 0.294217
-1.7783 0.682624 0.0576 0.621603 0.305572
-1.86865 0.60716 0.09 0.608416 0.280125
-1.7783 0.682624 0.0576 0.621603 0.305572
-1.83431 0.704126 0.09 0.625326 0.292105
-1.86865 0.60716 0.09 0.608416 0.280125
-1.86865 0.60716 0.09 0.608416 0.280125
-1.83431 0.704126 0.09 0.625326 0.292105
-1.92571 0.625701 0.1296 0.612251 0.266091
-1.83431 0.704126 0.09 0.625326 0.292105
-1.89033 0.725628 0.1296 0.628547 0.276894
-1.92571 0.625701 0.1296 0.612251 0.266091
-1.92571 0.625701 0.1296 0.612251 0.266091
-1.89033 0.725628 0.1296 0.628547 0.276894
-1.98277 0.644242 0.1764 0.615454 0.250744
-1.89033 0.725628 0.1296 0.628547 0.276894
-1.94634 0.74713 0.1764 0.631892 0.261843
-1.98277 0.644242 0.1764 0.615454 0.250744
-1.98277 0.644242 0.1764 0.615454 0.250744
-1.94634 0.74713 0.1764 0.631892 0.261843
-2.03984 0.662783 0.2304 0.618125 0.234196
-1.94634 0.74713 0.1764 0.631892 0.261843
-2.00235 0.768632 0.2304 0.634911 0.245107
-2.03984 0.662783 0.2304 0.618125 0.234196
-2.03984 0.662783 0.2304 0.618125 0.234196
-2.00235 0.768632 0.2304 0.634911 0.245107
-2.0969 0.681324 0.2916 0.620785 0.217196
-2.00235 0.768632 0.2304 0.634911 0.245107
-2.05837 0.790134 0.2916 0.637442 0.227364
-2.0969 0.681324 0.2916 0.620785 0.217196
-2.0969 0.681324 0.2916 0.620785 0.217196
-2.05837 0.790134 0.2916 0.637442 0.227364
-2.15396 0.699865 0.36 0.623111 0.199329
-2.05837 0.790134 0.2916 0.637442 0.227364
-2.11438 0.811636 0.36 0.640391 0.209826
-2.15396 0.699865 0.36 0.623111 0.199329
-2.15396 0.699865 0.36 0.623111 0.199329
-2.11438 0.811636 0.36 0.640391 0.209826
-2.21103 0.718406 0.4356 0.625436 0.181542
-2.11438 0.811636 0.36 0.640391 0.209826
-2.1704 0.833138 0.4356 0.642829 0.191875
-2.21103 0.718406 0.4356 0.625436 0.181542
-2.21103 0.718406 0.4356 0.625436 0.181542
-2.1704 0.833138 0.4356 0.642829 0.191875
-2.26809 0.736948 0.5184 0.627605 0.163227
-2.1704 0.833138 0.4356 0.642829 0.191875
-2.22641 0.85464 0.5184 0.644865 0.172621
-2.26809 0.736948 0.5184 0.627605 0.163227
-0.753422 0.201879 -0 0.448679 0.558769
-0.741824 0.241033 -0 0.459499 0.571222
-0.811378 0.217408 -0 0.462081 0.533056
-0.741824 0.241033 -0 0.459499 0.571222
-0.798887 0.259574 -0 0.474082 0.545615
-0.811378 0.217408 -0 0.462081 0.533056
-0.811378 0.217408 -0 0.462081 0.533056
-0.798887 0.259574 -0 0.474082 0.545615
-0.869333 0.232937 -0 0.474947 0.508305
-0.798887 0.259574 -0 0.474082 0.545615
-0.855951 0.278115 -0 0.488073 0.520913
-0.869333 0.232937 -0 0.474947 0.508305
-0.869333 0.232937 -0 0.474947 0.508305
-0.855951 0.278115 -0 0.488073 0.520913
-0.927289 0.248466 -0 0.487041 0.486761
-0.855951 0.278115 -0 0.488073 0.520913
-0.913014 0.296656 -0 0.501222 0.497578
-0.927289 0.248466 -0 0.487041 0.486761
-0.927289 0.248466 -0 0.487041 0.486761
-0.913014 0.296656 -0 0.501222 0.497578
-0.985244 0.263995 -0 0.498179 0.46515
-0.913014 0.296656 -0 0.501222 0.497578
-0.970078 0.315197 -0 0.512336 0.477775
-0.985244 0.263995 -0 0.498179 0.46515
-0.985244 0.263995 -0 0.498179 0.46515
-0.970078 0.315197 -0 0.512336 0.477775
-1.0432 0.279525 -0 0.509265 0.44547
-0.970078 0.315197 -0 0.512336 0.477775
-1.02714 0.333738 -0 0.523334 0.458099
-1.0432 0.279525 -0 0.509265 0.44547
-1.0432 0.279525 -0 0.509265 0.44547
-1.02714 0.333738 -0 0.523334 0.458099
-1.10116 0.295054 -0 0.518212 0.427838
-1.02714 0.333738 -0 0.523334 0.458099
-1.0842 0.352279 -0 0.533125 0.438726
-1.10116 0.295054 -0 0.518212 0.427838
-1.10116 0.295054 -0 0.518212 0.427838
-1.0842 0.352279 -0 0.533125 0.438726
-1.15911 0.310583 -0 0.52701 0.412289
-1.0842 0.352279 -0 0.533125 0.438726
-1.14127 0.37082 -0 0.542704 0.423242
-1.15911 0.310583 -0 0.52701 0.412289
-1.15911 0.310583 -0 0.52701 0.412289
-1.14127 0.37082 -0 0.542704 0.423242
-1.21707 0.326112 -0 0.535605 0.397126
-1.14127 0.37082 -0 0.542704 0.423242
-1.19833 0.389361 -0 0.551032 0.408173
-1.21707 0.326112 -0 0.535605 0.397126
-1.21707 0.326112 -0 0.535605 0.397126
-1.19833 0.389361 -0 0.551032 0.408173
-1.27502 0.341641 -0 0.543032 0.384049
-1.19833 0.389361 -0 0.551032 0.408173
-1.25539 0.407902 -0 0.558171 0.393473
-1.27502 0.341641 -0 0.543032 0.384049
-1.27502 0.341641 -0 0.543032 0.384049
-1.25539 0.407902 -0 0.558171 0.393473
-1.33298 0.35717 -0 0.549297 0.371323
-1.25539 0.407902 -0 0.558171 0.393473
-1.31246 0.426443 -0 0.565126 0.382554
-1.33298 0.35717 -0 0.549297 0.371323
-1.33298 0.35717 -0 0.549297 0.371323
-1.31246 0.426443 -0 0.565126 0.382554
-1.39093 0.372699 -0 0.555358 0.359013
-1.31246 0.426443 -0 0.565126 0.382554
-1.36952 0.444984 -0 0.571788 0.37039
-1.39093 0.372699 -0 0.555358 0.359013
-1.39093 0.372699 -0 0.555358 0.359013
-1.36952 0.444984 -0 0.571788 0.37039
-1.44889 0.388229 -0 0.561301 0.350302
-1.36952 0.444984 -0 0.571788 0.37039
-1.42658 0.463525 -0 0.577423 0.360076
-1.44889 0.388229 -0 0.561301 0.350302
-1.44889 0.388229 -0 0.561301 0.350302
-1.42658 0.463525 -0 0.577423 0.360076
-1.50684 0.403758 -0 0.566218 0.340059
-1.42658 0.463525 -0 0.577423 0.360076
-1.48365 0.482067 -0 0.581944 0.350109
-1.50684 0.403758 -0 0.566218 0.340059
-1.50684 0.403758 -0 0.566218 0.340059
-1.48365 0.482067 -0 0.581944 0.350109
-1.66604 0.446414 0.0036 0.577606 0.317063
-1.48365 0.482067 -0 0.581944 0.350109
-1.64039 0.532996 0.0036 0.594268 0.327468
-1.66604 0.446414 0.0036 0.577606 0.317063
-1.66604 0.446414 0.0036 0.577606 0.317063
-1.64039 0.532996 0.0036 0.594268 0.327468
-1.724 0.461943 0.0144 0.581976 0.307948
-1.64039 0.532996 0.0036 0.594268 0.327468
-1.69746 0.551537 0.0144 0.59815 0.317124
-1.724 0.461943 0.0144 0.581976 0.307948
-1.724 0.461943 0.0144 0.581976 0.307948
-1.69746 0.551537 0.0144 0.59815 0.317124
-1.78195 0.477473 0.0324 0.585784 0.296792
-1.69746 0.551537 0.0144 0.59815 0.317124
-1.75452 0.570078 0.0324 0.601593 0.306095
-1.78195 0.477473 0.0324 0.585784 0.296792
-1.78195 0.477473 0.0324 0.585784 0.296792
-1.75452 0.570078 0.0324 0.601593 0.306095
-1.83991 0.493002 0.0576 0.588682 0.284331
-1.75452 0.570078 0.0324 0.601593 0.306095
-1.81158 0.588619 0.0576 0.605586 0.294217
-1.83991 0.493002 0.0576 0.588682 0.284331
-1.83991 0.493002 0.0576 0.588682 0.284331
-1.81158 0.588619 0.0576 0.605586 0.294217
-1.89786 0.508531 0.09 0.591827 0.270316
-1.81158 0.588619 0.0576 0.605586 0.294217
-1.86865 0.60716 0.09 0.608416 0.280125
-1.89786 0.508531 0.09 0.591827 0.270316
-1.89786 0.508531 0.09 0.591827 0.270316
-1.86865 0.60716 0.09 0.608416 0.280125
-1.95582 0.52406 0.1296 0.595507 0.255835
-1.86865 0.60716 0.09 0.608416 0.280125
-1.92571 0.625701 0.1296 0.612251 0.266091
-1.95582 0.52406 0.1296 0.595507 0.255835
-1.95582 0.52406 0.1296 0.595507 0.255835
-1.92571 0.625701 0.1296 0.612251 0.266091
-2.01377 0.539589 0.1764 0.598619 0.241403
-1.92571 0.625701 0.1296 0.612251 0.266091
-1.98277 0.644242 0.1764 0.615454 0.250744
-2.01377 0.539589 0.1764 0.598619 0.241403
-2.01377 0.539589 0.1764 0.598619 0.241403
-1.98277 0.644242 0.1764 0.615454 0.250744
-2.07173 0.555118 0.2304 0.601136 0.224577
-1.98277 0.644242 0.1764 0.615454 0.250744
-2.03984 0.662783 0.2304 0.618125 0.234196
-2.07173 0.555118 0.2304 0.601136 0.224577
-2.07173 0.555118 0.2304 0.601136 0.224577
-2.03984 0.662783 0.2304 0.618125 0.234196
-2.12969 0.570647 0.2916 0.603849 0.208361
-2.03984 0.662783 0.2304 0.618125 0.234196
-2.0969 0.681324 0.2916 0.620785 0.217196
-2.12969 0.570647 0.2916 0.603849 0.208361
-2.12969 0.570647 0.2916 0.603849 0.208361
-2.0969 0.681324 0.2916 0.620785 0.217196
-2.18764 0.586177 0.36 0.605917 0.19052
-2.0969 0.681324 0.2916 0.620785 0.217196
-2.15396 0.699865 0.36 0.623111 0.199329
-2.18764 0.586177 0.36 0.605917 0.19052
-2.18764 0.586177 0.36 0.605917 0.19052
-2.15396 0.699865 0.36 0.623111 0.199329
-2.2456 0.601706 0.4356 0.608631 0.17309
-2.15396 0.699865 0.36 0.623111 0.199329
-2.21103 0.718406 0.4356 0.625436 0.181542
-2.2456 0.601706 0.4356 0.608631 0.17309
-2.2456 0.601706 0.4356 0.608631 0.17309
-2.21103 0.718406 0.4356 0.625436 0.181542
-2.30355 0.617235 0.5184 0.610522 0.155069
-2.21103 0.718406 0.4356 0.625436 0.181542
-2.26809 0.736948 0.5184 0.627605 0.163227
-2.30355 0.617235 0.5184 0.610522 0.155069
-0.762955 0.162171 -0 0.438013 0.546224
-0.753422 0.201879 -0 0.448679 0.558769
-0.821644 0.174646 -0 0.450228 0.522211
-0.753422 0.201879 -0 0.448679 0.558769
-0.811378 0.217408 -0 0.462081 0.533056
-0.821644 0.174646 -0 0.450228 0.522211
-0.821644 0.174646 -0 0.450228 0.522211
-0.811378 0.217408 -0 0.462081 0.533056
-0.880333 0.187121 -0 0.462924 0.497474
-0.811378 0.217408 -0 0.462081 0.533056
-0.869333 0.232937 -0 0.474947 0.508305
-0.880333 0.187121 -0 0.462924 0.497474
-0.880333 0.187121 -0 0.462924 0.497474
-0.869333 0.232937 -0 0.474947 0.508305
-0.939022 0.199595 -0 0.473917 0.475959
-0.869333 0.232937 -0 0.474947 0.508305
-0.927289 0.248466 -0 0.487041 0.486761
-0.939022 0.199595 -0 0.473917 0.475959
-0.939022 0.199595 -0 0.473917 0.475959
-0.927289 0.248466 -0 0.487041 0.486761
-0.997711 0.21207 -0 0.485027 0.454374
-0.927289 0.248466 -0 0.487041 0.486761
-0.985244 0.263995 -0 0.498179 0.46515
-0.997711 0.21207 -0 0.485027 0.454374
-0.997711 0.21207 -0 0.485027 0.454374
-0.985244 0.263995 -0 0.498179 0.46515
-1.0564 0.224545 -0 0.494126 0.434714
-0.985244 0.263995 -0 0.498179 0.46515
-1.0432 0.279525 -0 0.509265 0.44547
-1.0564 0.224545 -0 0.494126 0.434714
-1.0564 0.224545 -0 0.494126 0.434714
-1.0432 0.279525 -0 0.509265 0.44547
-1.11509 0.237019 -0 0.504168 0.417085
-1.0432 0.279525 -0 0.509265 0.44547
-1.10116 0.295054 -0 0.518212 0.427838
-1.11509 0.237019 -0 0.504168 0.417085
-1.11509 0.237019 -0 0.504168 0.417085
-1.10116 0.295054 -0 0.518212 0.427838
-1.17378 0.249494 -0 0.512094 0.401515
-1.10116 0.295054 -0 0.518212 0.427838
-1.15911 0.310583 -0 0.52701 0.412289
-1.17378 0.249494 -0 0.512094 0.401515
-1.17378 0.249494 -0 0.512094 0.401515
-1.15911 0.310583 -0 0.52701 0.412289
-1.23247 0.261969 -0 0.519896 0.388006
-1.15911 0.310583 -0 0.52701 0.412289
-1.21707 0.326112 -0 0.535605 0.397126
-1.23247 0.261969 -0 0.519896 0.388006
-1.23247 0.261969 -0 0.519896 0.388006
-1.21707 0.326112 -0 0.535605 0.397126
-1.29115 0.274443 -0 0.526522 0.373185
-1.21707 0.326112 -0 0.535605 0.397126
-1.27502 0.341641 -0 0.543032 0.384049
-1.29115 0.274443 -0 0.526522 0.373185
-1.29115 0.274443 -0 0.526522 0.373185
-1.27502 0.341641 -0 0.543032 0.384049
-1.34984 0.286918 -0 0.533065 0.362015
-1.27502 0.341641 -0 0.543032 0.384049
-1.33298 0.35717 -0 0.549297 0.371323
-1.34984 0.286918 -0 0.533065 0.362015
-1.34984 0.286918 -0 0.533065 0.362015
-1.33298 0.35717 -0 0.549297 0.371323
-1.40853 0.299393 -0 0.53942 0.351229
-1.33298 0.35717 -0 0.549297 0.371323
-1.39093 0.372699 -0 0.555358 0.359013
-1.40853 0.299393 -0 0.53942 0.351229
-1.40853 0.299393 -0 0.53942 0.351229
-1.39093 0.372699 -0 0.555358 0.359013
-1.46722 0.311868 -0 0.544701 0.340669
-1.39093 0.372699 -0 0.555358 0.359013
-1.44889 0.388229 -0 0.561301 0.350302
-1.46722 0.311868 -0 0.544701 0.340669
-1.46722 0.311868 -0 0.544701 0.340669
-1.44889 0.388229 -0 0.561301 0.350302
-1.52591 0.324342 -0 0.549879 0.331984
-1.44889 0.388229 -0 0.561301 0.350302
-1.50684 0.403758 -0 0.566218 0.340059
-1.52591 0.324342 -0 0.549879 0.331984
-1.52591 0.324342 -0 0.549879 0.331984
-1.50684 0.403758 -0 0.566218 0.340059
-1.68712 0.358609 0.0036 0.562049 0.308605
-1.50684 0.403758 -0 0.566218 0.340059
-1.66604 0.446414 0.0036 0.577606 0.317063
-1.68712 0.358609 0.0036 0.562049 0.308605
-1.68712 0.358609 0.0036 0.562049 0.308605
-1.66604 0.446414 0.0036 0.577606 0.317063
-1.74581 0.371083 0.0144 0.565776 0.299408
-1.66604 0.446414 0.0036 0.577606 0.317063
-1.724 0.461943 0.0144 0.581976 0.307948
-1.74581 0.371083 0.0144 0.565776 0.299408
-1.74581 0.371083 0.0144 0.565776 0.299408
-1.724 0.461943 0.0144 0.581976 0.307948
-1.8045 0.383558 0.0324 0.569157 0.287885
-1.724 0.461943 0.0144 0.581976 0.307948
-1.78195 0.477473 0.0324 0.585784 0.296792
-1.8045 0.383558 0.0324 0.569157 0.287885
-1.8045 0.383558 0.0324 0.569157 0.287885
-1.78195 0.477473 0.0324 0.585784 0.296792
-1.86319 0.396033 0.0576 0.572379 0.275373
-1.78195 0.477473 0.0324 0.585784 0.296792
-1.83991 0.493002 0.0576 0.588682 0.284331
-1.86319 0.396033 0.0576 0.572379 0.275373
-1.86319 0.396033 0.0576 0.572379 0.275373
-1.83991 0.493002 0.0576 0.588682 0.284331
-1.92188 0.408507 0.09 0.576009 0.262576
-1.83991 0.493002 0.0576 0.588682 0.284331
-1.89786 0.508531 0.09 0.591827 0.270316
-1.92188 0.408507 0.09 0.576009 0.262576
-1.92188 0.408507 0.09 0.576009 0.262576
-1.89786 0.508531 0.09 0.591827 0.270316
-1.98057 0.420982 0.1296 0.578539 0.247685
-1.89786 0.508531 0.09 0.591827 0.270316
-1.95582 0.52406 0.1296 0.595507 0.255835
-1.98057 0.420982 0.1296 0.578539 0.247685
-1.98057 0.420982 0.1296 0.578539 0.247685
-1.95582 0.52406 0.1296 0.595507 0.255835
-2.03925 0.433457 0.1764 0.581475 0.232804
-1.95582 0.52406 0.1296 0.595507 0.255835
-2.01377 0.539589 0.1764 0.598619 0.241403
-2.03925 0.433457 0.1764 0.581475 0.232804
-2.03925 0.433457 0.1764 0.581475 0.232804
-2.01377 0.539589 0.1764 0.598619 0.241403
-2.09794 0.445932 0.2304 0.583891 0.21684
-2.01377 0.539589 0.1764 0.598619 0.241403
-2.07173 0.555118 0.2304 0.601136 0.224577
-2.09794 0.445932 0.2304 0.583891 0.21684
-2.09794 0.445932 0.2304 0.583891 0.21684
-2.07173 0.555118 0.2304 0.601136 0.224577
-2.15663 0.458406 0.2916 0.5866 0.200137
-2.07173 0.555118 0.2304 0.601136 0.224577
-2.12969 0.570647 0.2916 0.603849 0.208361
-2.15663 0.458406 0.2916 0.5866 0.200137
-2.15663 0.458406 0.2916 0.5866 0.200137
-2.12969 0.570647 0.2916 0.603849 0.208361
-2.21532 0.470881 0.36 0.588835 0.182826
-2.12969 0.570647 0.2916 0.603849 0.208361
-2.18764 0.586177 0.36 0.605917 0.19052
-2.21532 0.470881 0.36 0.588835 0.182826
-2.21532 0.470881 0.36 0.588835 0.182826
-2.18764 0.586177 0.36 0.605917 0.19052
-2.27401 0.483356 0.4356 0.591068 0.165781
-2.18764 0.586177 0.36 0.605917 0.19052
-2.2456 0.601706 0.4356 0.608631 0.17309
-2.27401 0.483356 0.4356 0.591068 0.165781
-2.27401 0.483356 0.4356 0.591068 0.165781
-2.2456 0.601706 0.4356 0.608631 0.17309
-2.3327 0.49583 0.5184 0.593236 0.148273
-2.2456 0.601706 0.4356 0.608631 0.17309
-2.30355 0.617235 0.5184 0.610522 0.155069
-2.3327 0.49583 0.5184 0.593236 0.148273
-0.770397 0.122019 -0 0.427623 0.537095
-0.762955 0.162171 -0 0.438013 0.546224
-0.829658 0.131405 -0 0.438604 0.511372
-0.762955 0.162171 -0 0.438013 0.546224
-0.821644 0.174646 -0 0.450228 0.522211
-0.829658 0.131405 -0 0.438604 0.511372
-0.829658 0.131405 -0 0.438604 0.511372
-0.821644 0.174646 -0 0.450228 0.522211
-0.888919 0.140791 -0 0.450099 0.488484
-0.821644 0.174646 -0 0.450228 0.522211
-0.880333 0.187121 -0 0.462924 0.497474
-0.888919 0.140791 -0 0.450099 0.488484
-0.888919 0.140791 -0 0.450099 0.488484
-0.880333 0.187121 -0 0.462924 0.497474
-0.948181 0.150177 -0 0.460943 0.465257
-0.880333 0.187121 -0 0.462924 0.497474
-0.939022 0.199595 -0 0.473917 0.475959
-0.948181 0.150177 -0 0.460943 0.465257
-0.948181 0.150177 -0 0.460943 0.465257
-0.939022 0.199595 -0 0.473917 0.475959
-1.00744 0.159563 -0 0.470963 0.445533
-0.939022 0.199595 -0 0.473917 0.475959
-0.997711 0.21207 -0 0.485027 0.454374
-1.00744 0.159563 -0 0.470963 0.445533
-1.00744 0.159563 -0 0.470963 0.445533
-0.997711 0.21207 -0 0.485027 0.454374
-1.0667 0.168949 -0 0.480052 0.425916
-0.997711 0.21207 -0 0.485027 0.454374
-1.0564 0.224545 -0 0.494126 0.434714
-1.0667 0.168949 -0 0.480052 0.425916
-1.0667 0.168949 -0 0.480052 0.425916
-1.0564 0.224545 -0 0.494126 0.434714
-1.12596 0.178335 -0 0.489113 0.410055
-1.0564 0.224545 -0 0.494126 0.434714
-1.11509 0.237019 -0 0.504168 0.417085
-1.12596 0.178335 -0 0.489113 0.410055
-1.12596 0.178335 -0 0.489113 0.410055
-1.11509 0.237019 -0 0.504168 0.417085
-1.18523 0.187721 -0 0.497117 0.394467
-1.11509 0.237019 -0 0.504168 0.417085
-1.17378 0.249494 -0 0.512094 0.401515
-1.18523 0.187721 -0 0.497117 0.394467
-1.18523 0.187721 -0 0.497117 0.394467
-1.17378 0.249494 -0 0.512094 0.401515
-1.24449 0.197107 -0 0.505017 0.379232
-1.17378 0.249494 -0 0.512094 0.401515
-1.23247 0.261969 -0 0.519896 0.388006
-1.24449 0.197107 -0 0.505017 0.379232
-1.24449 0.197107 -0 0.505017 0.379232
-1.23247 0.261969 -0 0.519896 0.388006
-1.30375 0.206493 -0 0.511824 0.366018
-1.23247 0.261969 -0 0.519896 0.388006
-1.29115 0.274443 -0 0.526522 0.373185
-1.30375 0.206493 -0 0.511824 0.366018
-1.30375 0.206493 -0 0.511824 0.366018
-1.29115 0.274443 -0 0.526522 0.373185
-1.36301 0.21588 -0 0.517551 0.354751
-1.29115 0.274443 -0 0.526522 0.373185
-1.34984 0.286918 -0 0.533065 0.362015
-1.36301 0.21588 -0 0.517551 0.354751
-1.36301 0.21588 -0 0.517551 0.354751
-1.34984 0.286918 -0 0.533065 0.362015
-1.42227 0.225266 -0 0.523145 0.342189
-1.34984 0.286918 -0 0.533065 0.362015
-1.40853 0.299393 -0 0.53942 0.351229
-1.42227 0.225266 -0 0.523145 0.342189
-1.42227 0.225266 -0 0.523145 0.342189
-1.40853 0.299393 -0 0.53942 0.351229
-1.48153 0.234652 -0 0.528633 0.33318
-1.40853 0.299393 -0 0.53942 0.351229
-1.46722 0.311868 -0 0.544701 0.340669
-1.48153 0.234652 -0 0.528633 0.33318
-1.48153 0.234652 -0 0.528633 0.33318
-1.46722 0.311868 -0 0.544701 0.340669
-1.54079 0.244038 -0 0.534059 0.324337
-1.46722 0.311868 -0 0.544701 0.340669
-1.52591 0.324342 -0 0.549879 0.331984
-1.54079 0.244038 -0 0.534059 0.324337
-1.54079 0.244038 -0 0.534059 0.324337
-1.52591 0.324342 -0 0.549879 0.331984
-1.70358 0.26982 0.0036 0.544995 0.300616
-1.52591 0.324342 -0 0.549879 0.331984
-1.68712 0.358609 0.0036 0.562049 0.308605
-1.70358 0.26982 0.0036 0.544995 0.300616
-1.70358 0.26982 0.0036 0.544995 0.300616
-1.68712 0.358609 0.0036 0.562049 0.308605
-1.76284 0.279206 0.0144 0.549037 0.291245
-1.68712 0.358609 0.0036 0.562049 0.308605
-1.74581 0.371083 0.0144 0.565776 0.299408
-1.76284 0.279206 0.0144 0.549037 0.291245
-1.76284 0.279206 0.0144 0.549037 0.291245
-1.74581 0.371083 0.0144 0.565776 0.299408
-1.8221 0.288592 0.0324 0.552847 0.280909
-1.74581 0.371083 0.0144 0.565776 0.299408
-1.8045 0.383558 0.0324 0.569157 0.287885
-1.8221 0.288592 0.0324 0.552847 0.280909
-1.8221 0.288592 0.0324 0.552847 0.280909
-1.8045 0.383558 0.0324 0.569157 0.287885
-1.88136 0.297978 0.0576 0.556327 0.268427
-1.8045 0.383558 0.0324 0.569157 0.287885
-1.86319 0.396033 0.0576 0.572379 0.275373
-1.88136 0.297978 0.0576 0.556327 0.268427
-1.88136 0.297978 0.0576 0.556327 0.268427
-1.86319 0.396033 0.0576 0.572379 0.275373
-1.94062 0.307364 0.09 0.559499 0.25538
-1.86319 0.396033 0.0576 0.572379 0.275373
-1.92188 0.408507 0.09 0.576009 0.262576
-1.94062 0.307364 0.09 0.559499 0.25538
-1.94062 0.307364 0.09 0.559499 0.25538
-1.92188 0.408507 0.09 0.576009 0.262576
-1.99988 0.31675 0.1296 0.561664 0.241528
-1.92188 0.408507 0.09 0.576009 0.262576
-1.98057 0.420982 0.1296 0.578539 0.247685
-1.99988 0.31675 0.1296 0.561664 0.241528
-1.99988 0.31675 0.1296 0.561664 0.241528
-1.98057 0.420982 0.1296 0.578539 0.247685
-2.05914 0.326136 0.1764 0.565145 0.226379
-1.98057 0.420982 0.1296 0.578539 0.247685
-2.03925 0.433457 0.1764 0.581475 0.232804
-2.05914 0.326136 0.1764 0.565145 0.226379
-2.05914 0.326136 0.1764 0.565145 0.226379
-2.03925 0.433457 0.1764 0.581475 0.232804
-2.11841 0.335523 0.2304 0.567364 0.210008
-2.03925 0.433457 0.1764 0.581475 0.232804
-2.09794 0.445932 0.2304 0.583891 0.21684
-2.11841 0.335523 0.2304 0.567364 0.210008
-2.11841 0.335523 0.2304 0.567364 0.210008
-2.09794 0.445932 0.2304 0.583891 0.21684
-2.17767 0.344909 0.2916 0.569975 0.194076
-2.09794 0.445932 0.2304 0.583891 0.21684
-2.15663 0.458406 0.2916 0.5866 0.200137
-2.17767 0.344909 0.2916 0.569975 0.194076
-2.17767 0.344909 0.2916 0.569975 0.194076
-2.15663 0.458406 0.2916 0.5866 0.200137
-2.23693 0.354295 0.36 0.572173 0.177454
-2.15663 0.458406 0.2916 0.5866 0.200137
-2.21532 0.470881 0.36 0.588835 0.182826
-2.23693 0.354295 0.36 0.572173 0.177454
-2.23693 0.354295 0.36 0.572173 0.177454
-2.21532 0.470881 0.36 0.588835 0.182826
-2.29619 0.363681 0.4356 0.573681 0.1599
-2.21532 0.470881 0.36 0.588835 0.182826
-2.27401 0.483356 0.4356 0.591068 0.165781
-2.29619 0.363681 0.4356 0.573681 0.1599
-2.29619 0.363681 0.4356 0.573681 0.1599
-2.27401 0.483356 0.4356 0.591068 0.165781
-2.35545 0.373067 0.5184 0.576254 0.142536
-2.27401 0.483356 0.4356 0.591068 0.165781
-2.3327 0.49583 0.5184 0.593236 0.148273
-2.35545 0.373067 0.5184 0.576254 0.142536
-0.775727 0.0815322 -0 0.416577 0.528008
-0.770397 0.122019 -0 0.427623 0.537095
-0.835398 0.0878039 -0 0.427276 0.502382
-0.770397 0.122019 -0 0.427623 0.537095
-0.829658 0.131405 -0 0.438604 0.511372
-0.835398 0.0878039 -0 0.427276 0.502382
-0.835398 0.0878039 -0 0.427276 0.502382
-0.829658 0.131405 -0 0.438604 0.511372
-0.89507 0.0940756 -0 0.438515 0.479609
-0.829658 0.131405 -0 0.438604 0.511372
-0.888919 0.140791 -0 0.450099 0.488484
-0.89507 0.0940756 -0 0.438515 0.479609
-0.89507 0.0940756 -0 0.438515 0.479609
-0.888919 0.140791 -0 0.450099 0.488484
-0.954741 0.100347 -0 0.448205 0.458277
-0.888919 0.140791 -0 0.450099 0.488484
-0.948181 0.150177 -0 0.460943 0.465257
-0.954741 0.100347 -0 0.448205 0.458277
-0.954741 0.100347 -0 0.448205 0.458277
-0.948181 0.150177 -0 0.460943 0.465257
-1.01441 0.106619 -0 0.458094 0.438637
-0.948181 0.150177 -0 0.460943 0.465257
-1.00744 0.159563 -0 0.470963 0.445533
-1.01441 0.106619 -0 0.458094 0.438637
-1.01441 0.106619 -0 0.458094 0.438637
-1.00744 0.159563 -0 0.470963 0.445533
-1.07408 0.112891 -0 0.46613 0.419117
-1.00744 0.159563 -0 0.470963 0.445533
-1.0667 0.168949 -0 0.480052 0.425916
-1.07408 0.112891 -0 0.46613 0.419117
-1.07408 0.112891 -0 0.46613 0.419117
-1.0667 0.168949 -0 0.480052 0.425916
-1.13375 0.119162 -0 0.47516 0.403277
-1.0667 0.168949 -0 0.480052 0.425916
-1.12596 0.178335 -0 0.489113 0.410055
-1.13375 0.119162 -0 0.47516 0.403277
-1.13375 0.119162 -0 0.47516 0.403277
-1.12596 0.178335 -0 0.489113 0.410055
-1.19343 0.125434 -0 0.482198 0.38771
-1.12596 0.178335 -0 0.489113 0.410055
-1.18523 0.187721 -0 0.497117 0.394467
-1.19343 0.125434 -0 0.482198 0.38771
-1.19343 0.125434 -0 0.482198 0.38771
-1.18523 0.187721 -0 0.497117 0.394467
-1.2531 0.131706 -0 0.489188 0.372448
-1.18523 0.187721 -0 0.497117 0.394467
-1.24449 0.197107 -0 0.505017 0.379232
-1.2531 0.131706 -0 0.489188 0.372448
-1.2531 0.131706 -0 0.489188 0.372448
-1.24449 0.197107 -0 0.505017 0.379232
-1.31277 0.137978 -0 0.49609 0.359206
-1.24449 0.197107 -0 0.505017 0.379232
-1.30375 0.206493 -0 0.511824 0.366018
-1.31277 0.137978 -0 0.49609 0.359206
-1.31277 0.137978 -0 0.49609 0.359206
-1.30375 0.206493 -0 0.511824 0.366018
-1.37244 0.144249 -0 0.50193 0.347899
-1.30375 0.206493 -0 0.511824 0.366018
-1.36301 0.21588 -0 0.517551 0.354751
-1.37244 0.144249 -0 0.50193 0.347899
-1.37244 0.144249 -0 0.50193 0.347899
-1.36301 0.21588 -0 0.517551 0.354751
-1.43211 0.150521 -0 0.507682 0.336881
-1.36301 0.21588 -0 0.517551 0.354751
-1.42227 0.225266 -0 0.523145 0.342189
-1.43211 0.150521 -0 0.507682 0.336881
-1.43211 0.150521 -0 0.507682 0.336881
-1.42227 0.225266 -0 0.523145 0.342189
-1.49178 0.156793 -0 0.513316 0.326201
-1.42227 0.225266 -0 0.523145 0.342189
-1.48153 0.234652 -0 0.528633 0.33318
-1.49178 0.156793 -0 0.513316 0.326201
-1.49178 0.156793 -0 0.513316 0.326201
-1.48153 0.234652 -0 0.528633 0.33318
-1.55145 0.163064 -0 0.517941 0.317259
-1.48153 0.234652 -0 0.528633 0.33318
-1.54079 0.244038 -0 0.534059 0.324337
-1.55145 0.163064 -0 0.517941 0.317259
-1.55145 0.163064 -0 0.517941 0.317259
-1.54079 0.244038 -0 0.534059 0.324337
-1.71536 0.180292 0.0036 0.529495 0.294652
-1.54079 0.244038 -0 0.534059 0.324337
-1.70358 0.26982 0.0036 0.544995 0.300616
-1.71536 0.180292 0.0036 0.529495 0.294652
-1.71536 0.180292 0.0036 0.529495 0.294652
-1.70358 0.26982 0.0036 0.544995 0.300616
-1.77503 0.186564 0.0144 0.5328 0.285196
-1.70358 0.26982 0.0036 0.544995 0.300616
-1.76284 0.279206 0.0144 0.549037 0.291245
-1.77503 0.186564 0.0144 0.5328 0.285196
-1.77503 0.186564 0.0144 0.5328 0.285196
-1.76284 0.279206 0.0144 0.549037 0.291245
-1.83471 0.192835 0.0324 0.536824 0.274847
-1.76284 0.279206 0.0144 0.549037 0.291245
-1.8221 0.288592 0.0324 0.552847 0.280909
-1.83471 0.192835 0.0324 0.536824 0.274847
-1.83471 0.192835 0.0324 0.536824 0.274847
-1.8221 0.288592 0.0324 0.552847 0.280909
-1.89438 0.199107 0.0576 0.539723 0.262199
-1.8221 0.288592 0.0324 0.552847 0.280909
-1.88136 0.297978 0.0576 0.556327 0.268427
-1.89438 0.199107 0.0576 0.539723 0.262199
-1.89438 0.199107 0.0576 0.539723 0.262199
-1.88136 0.297978 0.0576 0.556327 0.268427
-1.95405 0.205379 0.09 0.542546 0.250025
-1.88136 0.297978 0.0576 0.556327 0.268427
-1.94062 0.307364 0.09 0.559499 0.25538
-1.95405 0.205379 0.09 0.542546 0.250025
-1.95405 0.205379 0.09 0.542546 0.250025
-1.94062 0.307364 0.09 0.559499 0.25538
-2.01372 0.211651 0.1296 0.545925 0.236191
-1.94062 0.307364 0.09 0.559499 0.25538
-1.99988 0.31675 0.1296 0.561664 0.241528
-2.01372 0.211651 0.1296 0.545925 0.236191
-2.01372 0.211651 0.1296 0.545925 0.236191
-1.99988 0.31675 0.1296 0.561664 0.241528
-2.07339 0.217922 0.1764 0.548104 0.220835
-1.99988 0.31675 0.1296 0.561664 0.241528
-2.05914 0.326136 0.1764 0.565145 0.226379
-2.07339 0.217922 0.1764 0.548104 0.220835
-2.07339 0.217922 0.1764 0.548104 0.220835
-2.05914 0.326136 0.1764 0.565145 0.226379
-2.13306 0.224194 0.2304 0.550937 0.205362
-2.05914 0.326136 0.1764 0.565145 0.226379
-2.11841 0.335523 0.2304 0.567364 0.210008
-2.13306 0.224194 0.2304 0.550937 0.205362
-2.13306 0.224194 0.2304 0.550937 0.205362
-2.11841 0.335523 0.2304 0.567364 0.210008
-2.19273 0.230466 0.2916 0.55251 0.189029
-2.11841 0.335523 0.2304 0.567364 0.210008
-2.17767 0.344909 0.2916 0.569975 0.194076
-2.19273 0.230466 0.2916 0.55251 0.189029
-2.19273 0.230466 0.2916 0.55251 0.189029
-2.17767 0.344909 0.2916 0.569975 0.194076
-2.25241 0.236737 0.36 0.555304 0.172311
-2.17767 0.344909 0.2916 0.569975 0.194076
-2.23693 0.354295 0.36 0.572173 0.177454
-2.25241 0.236737 0.36 0.555304 0.172311
-2.25241 0.236737 0.36 0.555304 0.172311
-2.23693 0.354295 0.36 0.572173 0.177454
-2.31208 0.243009 0.4356 0.556892 0.15526
-2.23693 0.354295 0.36 0.572173 0.177454
-2.29619 0.363681 0.4356 0.573681 0.1599
-2.31208 0.243009 0.4356 0.556892 0.15526
-2.31208 0.243009 0.4356 0.556892 0.15526
-2.29619 0.363681 0.4356 0.573681 0.1599
-2.37175 0.249281 0.5184 0.558932 0.138142
-2.29619 0.363681 0.4356 0.573681 0.1599
-2.35545 0.373067 0.5184 0.576254 0.142536
-2.37175 0.249281 0.5184 0.558932 0.138142
-0.778931 0.040822 -0 0.406804 0.52072
-0.775727 0.0815322 -0 0.416577 0.528008
-0.838849 0.0439622 -0 0.417196 0.495268
-0.775727 0.0815322 -0 0.416577 0.528008
-0.835398 0.0878039 -0 0.427276 0.502382
-0.838849 0.0439622 -0 0.417196 0.495268
-0.838849 0.0439622 -0 0.417196 0.495268
-0.835398 0.0878039 -0 0.427276 0.502382
-0.898767 0.0471024 -0 0.426313 0.472651
-0.835398 0.0878039 -0 0.427276 0.502382
-0.89507 0.0940756 -0 0.438515 0.479609
-0.898767 0.0471024 -0 0.426313 0.472651
-0.898767 0.0471024 -0 0.426313 0.472651
-0.89507 0.0940756 -0 0.438515 0.479609
-0.958684 0.0502425 -0 0.435774 0.451486
-0.89507 0.0940756 -0 0.438515 0.479609
-0.954741 0.100347 -0 0.448205 0.458277
-0.958684 0.0502425 -0 0.435774 0.451486
-0.958684 0.0502425 -0 0.435774 0.451486
-0.954741 0.100347 -0 0.448205 0.458277
-1.0186 0.0533827 -0 0.44454 0.431967
-0.954741 0.100347 -0 0.448205 0.458277
-1.01441 0.106619 -0 0.458094 0.438637
-1.0186 0.0533827 -0 0.44454 0.431967
-1.0186 0.0533827 -0 0.44454 0.431967
-1.01441 0.106619 -0 0.458094 0.438637
-1.07852 0.0565228 -0 0.453434 0.414258
-1.01441 0.106619 -0 0.458094 0.438637
-1.07408 0.112891 -0 0.46613 0.419117
-1.07852 0.0565228 -0 0.453434 0.414258
-1.07852 0.0565228 -0 0.453434 0.414258
-1.07408 0.112891 -0 0.46613 0.419117
-1.13844 0.059663 -0 0.460453 0.396802
-1.07408 0.112891 -0 0.46613 0.419117
-1.13375 0.119162 -0 0.47516 0.403277
-1.13844 0.059663 -0 0.460453 0.396802
-1.13844 0.059663 -0 0.460453 0.396802
-1.13375 0.119162 -0 0.47516 0.403277
-1.19836 0.0628031 -0 0.46845 0.381263
-1.13375 0.119162 -0 0.47516 0.403277
-1.19343 0.125434 -0 0.482198 0.38771
-1.19836 0.0628031 -0 0.46845 0.381263
-1.19836 0.0628031 -0 0.46845 0.381263
-1.19343 0.125434 -0 0.482198 0.38771
-1.25827 0.0659433 -0 0.475432 0.367715
-1.19343 0.125434 -0 0.482198 0.38771
-1.2531 0.131706 -0 0.489188 0.372448
-1.25827 0.0659433 -0 0.475432 0.367715
-1.25827 0.0659433 -0 0.475432 0.367715
-1.2531 0.131706 -0 0.489188 0.372448
-1.31819 0.0690835 -0 0.481413 0.354448
-1.2531 0.131706 -0 0.489188 0.372448
-1.31277 0.137978 -0 0.49609 0.359206
-1.31819 0.0690835 -0 0.481413 0.354448
-1.31819 0.0690835 -0 0.481413 0.354448
-1.31277 0.137978 -0 0.49609 0.359206
-1.37811 0.0722236 -0 0.48732 0.343101
-1.31277 0.137978 -0 0.49609 0.359206
-1.37244 0.144249 -0 0.50193 0.347899
-1.37811 0.0722236 -0 0.48732 0.343101
-1.37811 0.0722236 -0 0.48732 0.343101
-1.37244 0.144249 -0 0.50193 0.347899
-1.43803 0.0753638 -0 0.492199 0.332028
-1.37244 0.144249 -0 0.50193 0.347899
-1.43211 0.150521 -0 0.507682 0.336881
-1.43803 0.0753638 -0 0.492199 0.332028
-1.43803 0.0753638 -0 0.492199 0.332028
-1.43211 0.150521 -0 0.507682 0.336881
-1.49794 0.0785039 -0 0.497969 0.322774
-1.43211 0.150521 -0 0.507682 0.336881
-1.49178 0.156793 -0 0.513316 0.326201
-1.49794 0.0785039 -0 0.497969 0.322774
-1.49794 0.0785039 -0 0.497969 0.322774
-1.49178 0.156793 -0 0.513316 0.326201
-1.55786 0.0816441 -0 0.502705 0.313756
-1.49178 0.156793 -0 0.513316 0.326201
-1.55145 0.163064 -0 0.517941 0.317259
-1.55786 0.0816441 -0 0.502705 0.313756
-1.55786 0.0816441 -0 0.502705 0.313756
-1.55145 0.163064 -0 0.517941 0.317259
-1.72245 0.0902697 0.0036 0.513718 0.290829
-1.55145 0.163064 -0 0.517941 0.317259
-1.71536 0.180292 0.0036 0.529495 0.294652
-1.72245 0.0902697 0.0036 0.513718 0.290829
-1.72245 0.0902697 0.0036 0.513718 0.290829
-1.71536 0.180292 0.0036 0.529495 0.294652
-1.78237 0.0934099 0.0144 0.517211 0.281278
-1.71536 0.180292 0.0036 0.529495 0.294652
-1.77503 0.186564 0.0144 0.5328 0.285196
-1.78237 0.0934099 0.0144 0.517211 0.281278
-1.78237 0.0934099 0.0144 0.517211 0.281278
-1.77503 0.186564 0.0144 0.5328 0.285196
-1.84228 0.09655 0.0324 0.52059 0.270686
-1.77503 0.186564 0.0144 0.5328 0.285196
-1.83471 0.192835 0.0324 0.536824 0.274847
-1.84228 0.09655 0.0324 0.52059 0.270686
-1.84228 0.09655 0.0324 0.52059 0.270686
-1.83471 0.192835 0.0324 0.536824 0.274847
-1.9022 0.0996902 0.0576 0.523806 0.25788
-1.83471 0.192835 0.0324 0.536824 0.274847
-1.89438 0.199107 0.0576 0.539723 0.262199
-1.9022 0.0996902 0.0576 0.523806 0.25788
-1.9022 0.0996902 0.0576 0.523806 0.25788
-1.89438 0.199107 0.0576 0.539723 0.262199
-1.96212 0.10283 0.09 0.525985 0.245631
-1.89438 0.199107 0.0576 0.539723 0.262199
-1.95405 0.205379 0.09 0.542546 0.250025
-1.96212 0.10283 0.09 0.525985 0.245631
-1.96212 0.10283 0.09 0.525985 0.245631
-1.95405 0.205379 0.09 0.542546 0.250025
-2.02204 0.10597 0.1296 0.528856 0.231623
-1.95405 0.205379 0.09 0.542546 0.250025
-2.01372 0.211651 0.1296 0.545925 0.236191
-2.02204 0.10597 0.1296 0.528856 0.231623
-2.02204 0.10597 0.1296 0.528856 0.231623
-2.01372 0.211651 0.1296 0.545925 0.236191
-2.08196 0.109111 0.1764 0.531542 0.217242
-2.01372 0.211651 0.1296 0.545925 0.236191
-2.07339 0.217922 0.1764 0.548104 0.220835
-2.08196 0.109111 0.1764 0.531542 0.217242
-2.08196 0.109111 0.1764 0.531542 0.217242
-2.07339 0.217922 0.1764 0.548104 0.220835
-2.14187 0.112251 0.2304 0.533937 0.201659
-2.07339 0.217922 0.1764 0.548104 0.220835
-2.13306 0.224194 0.2304 0.550937 0.205362
-2.14187 0.112251 0.2304 0.533937 0.201659
-2.14187 0.112251 0.2304 0.533937 0.201659
-2.13306 0.224194 0.2304 0.550937 0.205362
-2.20179 0.115391 0.2916 0.536122 0.186124
-2.13306 0.224194 0.2304 0.550937 0.205362
-2.19273 0.230466 0.2916 0.55251 0.189029
-2.20179 0.115391 0.2916 0.536122 0.186124
-2.20179 0.115391 0.2916 0.536122 0.186124
-2.19273 0.230466 0.2916 0.55251 0.189029
-2.26171 0.118531 0.36 0.537987 0.16892
-2.19273 0.230466 0.2916 0.55251 0.189029
-2.25241 0.236737 0.36 0.555304 0.172311
-2.26171 0.118531 0.36 0.537987 0.16892
-2.26171 0.118531 0.36 0.537987 0.16892
-2.25241 0.236737 0.36 0.555304 0.172311
-2.32163 0.121671 0.4356 0.540334 0.152464
-2.25241 0.236737 0.36 0.555304 0.172311
-2.31208 0.243009 0.4356 0.556892 0.15526
-2.32163 0.121671 0.4356 0.540334 0.152464
-2.32163 0.121671 0.4356 0.540334 0.152464
-2.31208 0.243009 0.4356 0.556892 0.15526
-2.38154 0.124811 0.5184 0.541517 0.135083
-2.31208 0.243009 0.4356 0.556892 0.15526
-2.37175 0.249281 0.5184 0.558932 0.138142
-2.38154 0.124811 0.5184 0.541517 0.135083
-0.78 4.77612e-17 -0 0.396526 0.513506
-0.778931 0.040822 -0 0.406804 0.52072
-0.84 5.14352e-17 -0 0.40657 0.489991
-0.778931 0.040822 -0 0.406804 0.52072
-0.838849 0.0439622 -0 0.417196 0.495268
-0.84 5.14352e-17 -0 0.40657 0.489991
-0.84 5.14352e-17 -0 0.40657 0.489991
-0.838849 0.0439622 -0 0.417196 0.495268
-0.9 5.51091e-17 -0 0.415415 0.467581
-0.838849 0.0439622 -0 0.417196 0.495268
-0.898767 0.0471024 -0 0.426313 0.472651
-0.9 5.51091e-17 -0 0.415415 0.467581
-0.9 5.51091e-17 -0 0.415415 0.467581
-0.898767 0.0471024 -0 0.426313 0.472651
-0.96 5.8783e-17 -0 0.423723 0.446615
-0.898767 0.0471024 -0 0.426313 0.472651
-0.958684 0.0502425 -0 0.435774 0.451486
-0.96 5.8783e-17 -0 0.423723 0.446615
-0.96 5.8783e-17 -0 0.423723 0.446615
-0.958684 0.0502425 -0 0.435774 0.451486
-1.02 6.2457e-17 -0 0.432281 0.427268
-0.958684 0.0502425 -0 0.435774 0.451486
-1.0186 0.0533827 -0 0.44454 0.431967
-1.02 6.2457e-17 -0 0.432281 0.427268
-1.02 6.2457e-17 -0 0.432281 0.427268
-1.0186 0.0533827 -0 0.44454 0.431967
-1.08 6.61309e-17 -0 0.440053 0.409736
-1.0186 0.0533827 -0 0.44454 0.431967
-1.07852 0.0565228 -0 0.453434 0.414258
-1.08 6.61309e-17 -0 0.440053 0.409736
-1.08 6.61309e-17 -0 0.440053 0.409736
-1.07852 0.0565228 -0 0.453434 0.414258
-1.14 6.98049e-17 -0 0.447013 0.392347
-1.07852 0.0565228 -0 0.453434 0.414258
-1.13844 0.059663 -0 0.460453 0.396802
-1.14 6.98049e-17 -0 0.447013 0.392347
-1.14 6.98049e-17 -0 0.447013 0.392347
-1.13844 0.059663 -0 0.460453 0.396802
-1.2 7.34788e-17 -0 0.453981 0.376893
-1.13844 0.059663 -0 0.460453 0.396802
-1.19836 0.0628031 -0 0.46845 0.381263
-1.2 7.34788e-17 -0 0.453981 0.376893
-1.2 7.34788e-17 -0 0.453981 0.376893
-1.19836 0.0628031 -0 0.46845 0.381263
-1.26 7.71527e-17 -0 0.460945 0.363329
-1.19836 0.0628031 -0 0.46845 0.381263
-1.25827 0.0659433 -0 0.475432 0.367715
-1.26 7.71527e-17 -0 0.460945 0.363329
-1.26 7.71527e-17 -0 0.460945 0.363329
-1.25827 0.0659433 -0 0.475432 0.367715
-1.32 8.08267e-17 -0 0.466903 0.351701
-1.25827 0.0659433 -0 0.475432 0.367715
-1.31819 0.0690835 -0 0.481413 0.354448
-1.32 8.08267e-17 -0 0.466903 0.351701
-1.32 8.08267e-17 -0 0.466903 0.351701
-1.31819 0.0690835 -0 0.481413 0.354448
-1.38 8.45006e-17 -0 0.471898 0.338766
-1.31819 0.0690835 -0 0.481413 0.354448
-1.37811 0.0722236 -0 0.48732 0.343101
-1.38 8.45006e-17 -0 0.471898 0.338766
-1.38 8.45006e-17 -0 0.471898 0.338766
-1.37811 0.0722236 -0 0.48732 0.343101
-1.44 8.81746e-17 -0 0.477776 0.329189
-1.37811 0.0722236 -0 0.48732 0.343101
-1.43803 0.0753638 -0 0.492199 0.332028
-1.44 8.81746e-17 -0 0.477776 0.329189
-1.44 8.81746e-17 -0 0.477776 0.329189
-1.43803 0.0753638 -0 0.492199 0.332028
-1.5 9.18485e-17 -0 0.482665 0.318342
-1.43803 0.0753638 -0 0.492199 0.332028
-1.49794 0.0785039 -0 0.497969 0.322774
-1.5 9.18485e-17 -0 0.482665 0.318342
-1.5 9.18485e-17 -0 0.482665 0.318342
-1.49794 0.0785039 -0 0.497969 0.322774
-1.56 9.55224e-17 -0 0.486541 0.309269
-1.49794 0.0785039 -0 0.497969 0.322774
-1.55786 0.0816441 -0 0.502705 0.313756
-1.56 9.55224e-17 -0 0.486541 0.309269
-1.56 9.55224e-17 -0 0.486541 0.309269
-1.55786 0.0816441 -0 0.502705 0.313756
-1.72481 1.05614e-16 0.0036 0.497866 0.287566
-1.55786 0.0816441 -0 0.502705 0.313756
-1.72245 0.0902697 0.0036 0.513718 0.290829
-1.72481 1.05614e-16 0.0036 0.497866 0.287566
-1.72481 1.05614e-16 0.0036 0.497866 0.287566
-1.72245 0.0902697 0.0036 0.513718 0.290829
-1.78481 1.09288e-16 0.0144 0.501525 0.277922
-1.72245 0.0902697 0.0036 0.513718 0.290829
-1.78237 0.0934099 0.0144 0.517211 0.281278
-1.78481 1.09288e-16 0.0144 0.501525 0.277922
-1.78481 1.09288e-16 0.0144 0.501525 0.277922
-1.78237 0.0934099 0.0144 0.517211 0.281278
-1.84481 1.12962e-16 0.0324 0.504182 0.267228
-1.78237 0.0934099 0.0144 0.517211 0.281278
-1.84228 0.09655 0.0324 0.52059 0.270686
-1.84481 1.12962e-16 0.0324 0.504182 0.267228
-1.84481 1.12962e-16 0.0324 0.504182 0.267228
-1.84228 0.09655 0.0324 0.52059 0.270686
-1.90481 1.16636e-16 0.0576 0.507661 0.255642
-1.84228 0.09655 0.0324 0.52059 0.270686
-1.9022 0.0996902 0.0576 0.523806 0.25788
-1.90481 1.16636e-16 0.0576 0.507661 0.255642
-1.90481 1.16636e-16 0.0576 0.507661 0.255642
-1.9022 0.0996902 0.0576 0.523806 0.25788
-1.96481 1.2031e-16 0.09 0.51013 0.243251
-1.9022 0.0996902 0.0576 0.523806 0.25788
-1.96212 0.10283 0.09 0.525985 0.245631
-1.96481 1.2031e-16 0.09 0.51013 0.243251
-1.96481 1.2031e-16 0.09 0.51013 0.243251
-1.96212 0.10283 0.09 0.525985 0.245631
-2.02481 1.23984e-16 0.1296 0.51245 0.229079
-1.96212 0.10283 0.09 0.525985 0.245631
-2.02204 0.10597 0.1296 0.528856 0.231623
-2.02481 1.23984e-16 0.1296 0.51245 0.229079
-2.02481 1.23984e-16 0.1296 0.51245 0.229079
-2.02204 0.10597 0.1296 0.528856 0.231623
-2.08481 1.27658e-16 0.1764 0.515499 0.214585
-2.02204 0.10597 0.1296 0.528856 0.231623
-2.08196 0.109111 0.1764 0.531542 0.217242
-2.08481 1.27658e-16 0.1764 0.515499 0.214585
-2.08481 1.27658e-16 0.1764 0.515499 0.214585
-2.08196 0.109111 0.1764 0.531542 0.217242
-2.14481 1.31332e-16 0.2304 0.517478 0.198838
-2.08196 0.109111 0.1764 0.531542 0.217242
-2.14187 0.112251 0.2304 0.533937 0.201659
-2.14481 1.31332e-16 0.2304 0.517478 0.198838
-2.14481 1.31332e-16 0.2304 0.517478 0.198838
-2.14187 0.112251 0.2304 0.533937 0.201659
-2.20481 1.35006e-16 0.2916 0.519305 0.183153
-2.14187 0.112251 0.2304 0.533937 0.201659
-2.20179 0.115391 0.2916 0.536122 0.186124
-2.20481 1.35006e-16 0.2916 0.519305 0.183153
-2.20481 1.35006e-16 0.2916 0.519305 0.183153
-2.20179 0.115391 0.2916 0.536122 0.186124
-2.26481 1.3868e-16 0.36 0.521733 0.166811
-2.20179 0.115391 0.2916 0.536122 0.186124
-2.26171 0.118531 0.36 0.537987 0.16892
-2.26481 1.3868e-16 0.36 0.521733 0.166811
-2.26481 1.3868e-16 0.36 0.521733 0.166811
-2.26171 0.118531 0.36 0.537987 0.16892
-2.32481 1.42354e-16 0.4356 0.523154 0.150006
-2.26171 0.118531 0.36 0.537987 0.16892
-2.32163 0.121671 0.4356 0.540334 0.152464
-2.32481 1.42354e-16 0.4356 0.523154 0.150006
-2.32481 1.42354e-16 0.4356 0.523154 0.150006
-2.32163 0.121671 0.4356 0.540334 0.152464
-2.38481 1.46028e-16 0.5184 0.525042 0.133286
-2.32163 0.121671 0.4356 0.540334 0.152464
-2.38154 0.124811 0.5184 0.541517 0.135083
-2.38481 1.46028e-16 0.5184 0.525042 0.133286
-0.778931 -0.040822 -0 0.387488 0.508126
-0.78 4.77612e-17 -0 0.396526 0.513506
-0.838849 -0.0439622 -0 0.396352 0.484836
-0.78 4.77612e-17 -0 0.396526 0.513506
-0.84 5.14352e-17 -0 0.40657 0.489991
-0.838849 -0.0439622 -0 0.396352 0.484836
-0.838849 -0.0439622 -0 0.396352 0.484836
-0.84 5.14352e-17 -0 0.40657 0.489991
-0.898767 -0.0471024 -0 0.404053 0.462675
-0.84 5.14352e-17 -0 0.40657 0.489991
-0.9 5.51091e-17 -0 0.415415 0.467581
-0.898767 -0.0471024 -0 0.404053 0.462675
-0.898767 -0.0471024 -0 0.404053 0.462675
-0.9 5.51091e-17 -0 0.415415 0.467581
-0.958684 -0.0502425 -0 0.412108 0.441929
-0.9 5.51091e-17 -0 0.415415 0.467581
-0.96 5.8783e-17 -0 0.423723 0.446615
-0.958684 -0.0502425 -0 0.412108 0.441929
-0.958684 -0.0502425 -0 0.412108 0.441929
-0.96 5.8783e-17 -0 0.423723 0.446615
-1.0186 -0.0533827 -0 0.420442 0.422754
-0.96 5.8783e-17 -0 0.423723 0.446615
-1.02 6.2457e-17 -0 0.432281 0.427268
-1.0186 -0.0533827 -0 0.420442 0.422754
-1.0186 -0.0533827 -0 0.420442 0.422754
-1.02 6.2457e-17 -0 0.432281 0.427268
-1.07852 -0.0565228 -0 0.427136 0.405416
-1.02 6.2457e-17 -0 0.432281 0.427268
-1.08 6.61309e-17 -0 0.440053 0.409736
-1.07852 -0.0565228 -0 0.427136 0.405416
-1.07852 -0.0565228 -0 0.427136 0.405416
-1.08 6.61309e-17 -0 0.440053 0.409736
-1.13844 -0.059663 -0 0.433923 0.389858
-1.08 6.61309e-17 -0 0.440053 0.409736
-1.14 6.98049e-17 -0 0.447013 0.392347
-1.13844 -0.059663 -0 0.433923 0.389858
-1.13844 -0.059663 -0 0.433923 0.389858
-1.14 6.98049e-17 -0 0.447013 0.392347
-1.19836 -0.0628031 -0 0.440795 0.374467
-1.14 6.98049e-17 -0 0.447013 0.392347
-1.2 7.34788e-17 -0 0.453981 0.376893
-1.19836 -0.0628031 -0 0.440795 0.374467
-1.19836 -0.0628031 -0 0.440795 0.374467
-1.2 7.34788e-17 -0 0.453981 0.376893
-1.25827 -0.0659433 -0 0.446757 0.360969
-1.2 7.34788e-17 -0 0.453981 0.376893
-1.26 7.71527e-17 -0 0.460945 0.363329
-1.25827 -0.0659433 -0 0.446757 0.360969
-1.25827 -0.0659433 -0 0.446757 0.360969
-1.26 7.71527e-17 -0 0.460945 0.363329
-1.31819 -0.0690835 -0 0.452641 0.34939
-1.26 7.71527e-17 -0 0.460945 0.363329
-1.32 8.08267e-17 -0 0.466903 0.351701
-1.31819 -0.0690835 -0 0.452641 0.34939
-1.31819 -0.0690835 -0 0.452641 0.34939
-1.32 8.08267e-17 -0 0.466903 0.351701
-1.37811 -0.0722236 -0 0.457682 0.336416
-1.32 8.08267e-17 -0 0.466903 0.351701
-1.38 8.45006e-17 -0 0.471898 0.338766
-1.37811 -0.0722236 -0 0.457682 0.336416
-1.37811 -0.0722236 -0 0.457682 0.336416
-1.38 8.45006e-17 -0 0.471898 0.338766
-1.43803 -0.0753638 -0 0.462617 0.326822
-1.38 8.45006e-17 -0 0.471898 0.338766
-1.44 8.81746e-17 -0 0.477776 0.329189
-1.43803 -0.0753638 -0 0.462617 0.326822
-1.43803 -0.0753638 -0 0.462617 0.326822
-1.44 8.81746e-17 -0 0.477776 0.329189
-1.49794 -0.0785039 -0 0.467503 0.317464
-1.44 8.81746e-17 -0 0.477776 0.329189
-1.5 9.18485e-17 -0 0.482665 0.318342
-1.49794 -0.0785039 -0 0.467503 0.317464
-1.49794 -0.0785039 -0 0.467503 0.317464
-1.5 9.18485e-17 -0 0.482665 0.318342
-1.55786 -0.0816441 -0 0.472383 0.308267
-1.5 9.18485e-17 -0 0.482665 0.318342
-1.56 9.55224e-17 -0 0.486541 0.309269
-1.55786 -0.0816441 -0 0.472383 0.308267
-1.55786 -0.0816441 -0 0.472383 0.308267
-1.56 9.55224e-17 -0 0.486541 0.309269
-1.72245 -0.0902697 0.0036 0.482991 0.284913
-1.56 9.55224e-17 -0 0.486541 0.309269
-1.72481 1.05614e-16 0.0036 0.497866 0.287566
-1.72245 -0.0902697 0.0036 0.482991 0.284913
-1.72245 -0.0902697 0.0036 0.482991 0.284913
-1.72481 1.05614e-16 0.0036 0.497866 0.287566
-1.78237 -0.0934099 0.0144 0.48584 0.276586
-1.72481 1.05614e-16 0.0036 0.497866 0.287566
-1.78481 1.09288e-16 0.0144 0.501525 0.277922
-1.78237 -0.0934099 0.0144 0.48584 0.276586
-1.78237 -0.0934099 0.0144 0.48584 0.276586
-1.78481 1.09288e-16 0.0144 0.501525 0.277922
-1.84228 -0.09655 0.0324 0.488669 0.265813
-1.78481 1.09288e-16 0.0144 0.501525 0.277922
-1.84481 1.12962e-16 0.0324 0.504182 0.267228
-1.84228 -0.09655 0.0324 0.488669 0.265813
-1.84228 -0.09655 0.0324 0.488669 0.265813
-1.84481 1.12962e-16 0.0324 0.504182 0.267228
-1.9022 -0.0996902 0.0576 0.491443 0.254129
-1.84481 1.12962e-16 0.0324 0.504182 0.267228
-1.90481 1.16636e-16 0.0576 0.507661 0.255642
-1.9022 -0.0996902 0.0576 0.491443 0.254129
-1.9022 -0.0996902 0.0576 0.491443 0.254129
-1.90481 1.16636e-16 0.0576 0.507661 0.255642
-1.96212 -0.10283 0.09 0.494148 0.240452
-1.90481 1.16636e-16 0.0576 0.507661 0.255642
-1.96481 1.2031e-16 0.09 0.51013 0.243251
-1.96212 -0.10283 0.09 0.494148 0.240452
-1.96212 -0.10283 0.09 0.494148 0.240452
-1.96481 1.2031e-16 0.09 0.51013 0.243251
-2.02204 -0.10597 0.1296 0.496766 0.227419
-1.96481 1.2031e-16 0.09 0.51013 0.243251
-2.02481 1.23984e-16 0.1296 0.51245 0.229079
-2.02204 -0.10597 0.1296 0.496766 0.227419
-2.02204 -0.10597 0.1296 0.496766 0.227419
-2.02481 1.23984e-16 0.1296 0.51245 0.229079
-2.08196 -0.109111 0.1764 0.499286 0.212803
-2.02481 1.23984e-16 0.1296 0.51245 0.229079
-2.08481 1.27658e-16 0.1764 0.515499 0.214585
-2.08196 -0.109111 0.1764 0.499286 0.212803
-2.08196 -0.109111 0.1764 0.499286 0.212803
-2.08481 1.27658e-16 0.1764 0.515499 0.214585
-2.14187 -0.112251 0.2304 0.500843 0.197988
-2.08481 1.27658e-16 0.1764 0.515499 0.214585
-2.14481 1.31332e-16 0.2304 0.517478 0.198838
-2.14187 -0.112251 0.2304 0.500843 0.197988
-2.14187 -0.112251 0.2304 0.500843 0.197988
-2.14481 1.31332e-16 0.2304 0.517478 0.198838
-2.20179 -0.115391 0.2916 0.503116 0.182164
-2.14481 1.31332e-16 0.2304 0.517478 0.198838
-2.20481 1.35006e-16 0.2916 0.519305 0.183153
-2.20179 -0.115391 0.2916 0.503116 0.182164
-2.20179 -0.115391 0.2916 0.503116 0.182164
-2.20481 1.35006e-16 0.2916 0.519305 0.183153
-2.26171 -0.118531 0.36 0.505263 0.166522
-2.20481 1.35006e-16 0.2916 0.519305 0.183153
-2.26481 1.3868e-16 0.36 0.521733 0.166811
-2.26171 -0.118531 0.36 0.505263 0.166522
-2.26171 -0.118531 0.36 0.505263 0.166522
-2.26481 1.3868e-16 0.36 0.521733 0.166811
-2.32163 -0.121671 0.4356 0.506437 0.149564
-2.26481 1.3868e-16 0.36 0.521733 0.166811
-2.32481 1.42354e-16 0.4356 0.523154 0.150006
-2.32163 -0.121671 0.4356 0.506437 0.149564
-2.32163 -0.121671 0.4356 0.506437 0.149564
-2.32481 1.42354e-16 0.4356 0.523154 0.150006
-2.38154 -0.124811 0.5184 0.508211 0.132588
-2.32481 1.42354e-16 0.4356 0.523154 0.150006
-2.38481 1.46028e-16 0.5184 0.525042 0.133286
-2.38154 -0.124811 0.5184 0.508211 0.132588
-0.775727 -0.0815322 -0 0.378057 0.504482
-0.778931 -0.040822 -0 0.387488 0.508126
-0.835398 -0.0878039 -0 0.385765 0.48149
-0.778931 -0.040822 -0 0.387488 0.508126
-0.838849 -0.0439622 -0 0.396352 0.484836
-0.835398 -0.0878039 -0 0.385765 0.48149
-0.835398 -0.0878039 -0 0.385765 0.48149
-0.838849 -0.0439622 -0 0.396352 0.484836
-0.89507 -0.0940756 -0 0.393978 0.459612
-0.838849 -0.0439622 -0 0.396352 0.484836
-0.898767 -0.0471024 -0 0.404053 0.462675
-0.89507 -0.0940756 -0 0.393978 0.459612
-0.89507 -0.0940756 -0 0.393978 0.459612
-0.898767 -0.0471024 -0 0.404053 0.462675
-0.954741 -0.100347 -0 0.400925 0.439151
-0.898767 -0.0471024 -0 0.404053 0.462675
-0.958684 -0.0502425 -0 0.412108 0.441929
-0.954741 -0.100347 -0 0.400925 0.439151
-0.954741 -0.100347 -0 0.400925 0.439151
-0.958684 -0.0502425 -0 0.412108 0.441929
-1.01441 -0.106619 -0 0.408138 0.420231
-0.958684 -0.0502425 -0 0.412108 0.441929
-1.0186 -0.0533827 -0 0.420442 0.422754
-1.01441 -0.106619 -0 0.408138 0.420231
-1.01441 -0.106619 -0 0.408138 0.420231
-1.0186 -0.0533827 -0 0.420442 0.422754
-1.07408 -0.112891 -0 0.415555 0.402948
-1.0186 -0.0533827 -0 0.420442 0.422754
-1.07852 -0.0565228 -0 0.427136 0.405416
-1.07408 -0.112891 -0 0.415555 0.402948
-1.07408 -0.112891 -0 0.415555 0.402948
-1.07852 -0.0565228 -0 0.427136 0.405416
-1.13375 -0.119162 -0 0.421271 0.387637
-1.07852 -0.0565228 -0 0.427136 0.405416
-1.13844 -0.059663 -0 0.433923 0.389858
-1.13375 -0.119162 -0 0.421271 0.387637
-1.13375 -0.119162 -0 0.421271 0.387637
-1.13844 -0.059663 -0 0.433923 0.389858
-1.19343 -0.125434 -0 0.42797 0.373942
-1.13844 -0.059663 -0 0.433923 0.389858
-1.19836 -0.0628031 -0 0.440795 0.374467
-1.19343 -0.125434 -0 0.42797 0.373942
-1.19343 -0.125434 -0 0.42797 0.373942
-1.19836 -0.0628031 -0 0.440795 0.374467
-1.2531 -0.131706 -0 0.433849 0.358966
-1.19836 -0.0628031 -0 0.440795 0.374467
-1.25827 -0.0659433 -0 0.446757 0.360969
-1.2531 -0.131706 -0 0.433849 0.358966
-1.2531 -0.131706 -0 0.433849 0.358966
-1.25827 -0.0659433 -0 0.446757 0.360969
-1.31277 -0.137978 -0 0.438823 0.347352
-1.25827 -0.0659433 -0 0.446757 0.360969
-1.31819 -0.0690835 -0 0.452641 0.34939
-1.31277 -0.137978 -0 0.438823 0.347352
-1.31277 -0.137978 -0 0.438823 0.347352
-1.31819 -0.0690835 -0 0.452641 0.34939
-1.37244 -0.144249 -0 0.443772 0.335998
-1.31819 -0.0690835 -0 0.452641 0.34939
-1.37811 -0.0722236 -0 0.457682 0.336416
-1.37244 -0.144249 -0 0.443772 0.335998
-1.37244 -0.144249 -0 0.443772 0.335998
-1.37811 -0.0722236 -0 0.457682 0.336416
-1.43211 -0.150521 -0 0.448684 0.324925
-1.37811 -0.0722236 -0 0.457682 0.336416
-1.43803 -0.0753638 -0 0.462617 0.326822
-1.43211 -0.150521 -0 0.448684 0.324925
-1.43211 -0.150521 -0 0.448684 0.324925
-1.43803 -0.0753638 -0 0.462617 0.326822
-1.49178 -0.156793 -0 0.45359 0.315482
-1.43803 -0.0753638 -0 0.462617 0.326822
-1.49794 -0.0785039 -0 0.467503 0.317464
-1.49178 -0.156793 -0 0.45359 0.315482
-1.49178 -0.156793 -0 0.45359 0.315482
-1.49794 -0.0785039 -0 0.467503 0.317464
-1.55145 -0.163064 -0 0.457531 0.306355
-1.49794 -0.0785039 -0 0.467503 0.317464
-1.55786 -0.0816441 -0 0.472383 0.308267
-1.55145 -0.163064 -0 0.457531 0.306355
-1.55145 -0.163064 -0 0.457531 0.306355
-1.55786 -0.0816441 -0 0.472383 0.308267
-1.71536 -0.180292 0.0036 0.467341 0.284276
-1.55786 -0.0816441 -0 0.472383 0.308267
-1.72245 -0.0902697 0.0036 0.482991 0.284913
-1.71536 -0.180292 0.0036 0.467341 0.284276
-1.71536 -0.180292 0.0036 0.467341 0.284276
-1.72245 -0.0902697 0.0036 0.482991 0.284913
-1.77503 -0.186564 0.0144 0.471207 0.275804
-1.72245 -0.0902697 0.0036 0.482991 0.284913
-1.78237 -0.0934099 0.0144 0.48584 0.276586
-1.77503 -0.186564 0.0144 0.471207 0.275804
-1.77503 -0.186564 0.0144 0.471207 0.275804
-1.78237 -0.0934099 0.0144 0.48584 0.276586
-1.83471 -0.192835 0.0324 0.473252 0.265056
-1.78237 -0.0934099 0.0144 0.48584 0.276586
-1.84228 -0.09655 0.0324 0.488669 0.265813
-1.83471 -0.192835 0.0324 0.473252 0.265056
-1.83471 -0.192835 0.0324 0.473252 0.265056
-1.84228 -0.09655 0.0324 0.488669 0.265813
-1.89438 -0.199107 0.0576 0.476198 0.253314
-1.84228 -0.09655 0.0324 0.488669 0.265813
-1.9022 -0.0996902 0.0576 0.491443 0.254129
-1.89438 -0.199107 0.0576 0.476198 0.253314
-1.89438 -0.199107 0.0576 0.476198 0.253314
-1.9022 -0.0996902 0.0576 0.491443 0.254129
-1.95405 -0.205379 0.09 0.479102 0.240802
-1.9022 -0.0996902 0.0576 0.491443 0.254129
-1.96212 -0.10283 0.09 0.494148 0.240452
-1.95405 -0.205379 0.09 0.479102 0.240802
-1.95405 -0.205379 0.09 0.479102 0.240802
-1.96212 -0.10283 0.09 0.494148 0.240452
-2.01372 -0.211651 0.1296 0.481086 0.227692
-1.96212 -0.10283 0.09 0.494148 0.240452
-2.02204 -0.10597 0.1296 0.496766 0.227419
-2.01372 -0.211651 0.1296 0.481086 0.227692
-2.01372 -0.211651 0.1296 0.481086 0.227692
-2.02204 -0.10597 0.1296 0.496766 0.227419
-2.07339 -0.217922 0.1764 0.483059 0.212981
-2.02204 -0.10597 0.1296 0.496766 0.227419
-2.08196 -0.109111 0.1764 0.499286 0.212803
-2.07339 -0.217922 0.1764 0.483059 0.212981
-2.07339 -0.217922 0.1764 0.483059 0.212981
-2.08196 -0.109111 0.1764 0.499286 0.212803
-2.13306 -0.224194 0.2304 0.484976 0.198063
-2.08196 -0.109111 0.1764 0.499286 0.212803
-2.14187 -0.112251 0.2304 0.500843 0.197988
-2.13306 -0.224194 0.2304 0.484976 0.198063
-2.13306 -0.224194 0.2304 0.484976 0.198063
-2.14187 -0.112251 0.2304 0.500843 0.197988
-2.19273 -0.230466 0.2916 0.486847 0.182109
-2.14187 -0.112251 0.2304 0.500843 0.197988
-2.20179 -0.115391 0.2916 0.503116 0.182164
-2.19273 -0.230466 0.2916 0.486847 0.182109
-2.19273 -0.230466 0.2916 0.486847 0.182109
-2.20179 -0.115391 0.2916 0.503116 0.182164
-2.25241 -0.236737 0.36 0.48863 0.166379
-2.20179 -0.115391 0.2916 0.503116 0.182164
-2.26171 -0.118531 0.36 0.505263 0.166522
-2.25241 -0.236737 0.36 0.48863 0.166379
-2.25241 -0.236737 0.36 0.48863 0.166379
-2.26171 -0.118531 0.36 0.505263 0.166522
-2.31208 -0.243009 0.4356 0.490347 0.150128
-2.26171 -0.118531 0.36 0.505263 0.166522
-2.32163 -0.121671 0.4356 0.506437 0.149564
-2.31208 -0.243009 0.4356 0.490347 0.150128
-2.31208 -0.243009 0.4356 0.490347 0.150128
-2.32163 -0.121671 0.4356 0.506437 0.149564
-2.37175 -0.249281 0.5184 0.491965 0.133686
-2.32163 -0.121671 0.4356 0.506437 0.149564
-2.38154 -0.124811 0.5184 0.508211 0.132588
-2.37175 -0.249281 0.5184 0.491965 0.133686
-0.770397 -0.122019 -0 0.369071 0.500904
-0.775727 -0.0815322 -0 0.378057 0.504482
-0.829658 -0.131405 -0 0.376447 0.478247
-0.775727 -0.0815322 -0 0.378057 0.504482
-0.835398 -0.0878039 -0 0.385765 0.48149
-0.829658 -0.131405 -0 0.376447 0.478247
-0.829658 -0.131405 -0 0.376447 0.478247
-0.835398 -0.0878039 -0 0.385765 0.48149
-0.888919 -0.140791 -0 0.383547 0.456706
-0.835398 -0.0878039 -0 0.385765 0.48149
-0.89507 -0.0940756 -0 0.393978 0.459612
-0.888919 -0.140791 -0 0.383547 0.456706
-0.888919 -0.140791 -0 0.383547 0.456706
-0.89507 -0.0940756 -0 0.393978 0.459612
-0.948181 -0.150177 -0 0.390206 0.438173
-0.89507 -0.0940756 -0 0.393978 0.459612
-0.954741 -0.100347 -0 0.400925 0.439151
-0.948181 -0.150177 -0 0.390206 0.438173
-0.948181 -0.150177 -0 0.390206 0.438173
-0.954741 -0.100347 -0 0.400925 0.439151
-1.00744 -0.159563 -0 0.397133 0.419541
-0.954741 -0.100347 -0 0.400925 0.439151
-1.01441 -0.106619 -0 0.408138 0.420231
-1.00744 -0.159563 -0 0.397133 0.419541
-1.00744 -0.159563 -0 0.397133 0.419541
-1.01441 -0.106619 -0 0.408138 0.420231
-1.0667 -0.168949 -0 0.403476 0.402505
-1.01441 -0.106619 -0 0.408138 0.420231
-1.07408 -0.112891 -0 0.415555 0.402948
-1.0667 -0.168949 -0 0.403476 0.402505
-1.0667 -0.168949 -0 0.403476 0.402505
-1.07408 -0.112891 -0 0.415555 0.402948
-1.12596 -0.178335 -0 0.40907 0.387273
-1.07408 -0.112891 -0 0.415555 0.402948
-1.13375 -0.119162 -0 0.421271 0.387637
-1.12596 -0.178335 -0 0.40907 0.387273
-1.12596 -0.178335 -0 0.40907 0.387273
-1.13375 -0.119162 -0 0.421271 0.387637
-1.18523 -0.187721 -0 0.414736 0.372242
-1.13375 -0.119162 -0 0.421271 0.387637
-1.19343 -0.125434 -0 0.42797 0.373942
-1.18523 -0.187721 -0 0.414736 0.372242
-1.18523 -0.187721 -0 0.414736 0.372242
-1.19343 -0.125434 -0 0.42797 0.373942
-1.24449 -0.197107 -0 0.42049 0.358857
-1.19343 -0.125434 -0 0.42797 0.373942
-1.2531 -0.131706 -0 0.433849 0.358966
-1.24449 -0.197107 -0 0.42049 0.358857
-1.24449 -0.197107 -0 0.42049 0.358857
-1.2531 -0.131706 -0 0.433849 0.358966
-1.30375 -0.206493 -0 0.42534 0.347356
-1.2531 -0.131706 -0 0.433849 0.358966
-1.31277 -0.137978 -0 0.438823 0.347352
-1.30375 -0.206493 -0 0.42534 0.347356
-1.30375 -0.206493 -0 0.42534 0.347356
-1.31277 -0.137978 -0 0.438823 0.347352
-1.36301 -0.21588 -0 0.430224 0.336018
-1.31277 -0.137978 -0 0.438823 0.347352
-1.37244 -0.144249 -0 0.443772 0.335998
-1.36301 -0.21588 -0 0.430224 0.336018
-1.36301 -0.21588 -0 0.430224 0.336018
-1.37244 -0.144249 -0 0.443772 0.335998
-1.42227 -0.225266 -0 0.43513 0.324869
-1.37244 -0.144249 -0 0.443772 0.335998
-1.43211 -0.150521 -0 0.448684 0.324925
-1.42227 -0.225266 -0 0.43513 0.324869
-1.42227 -0.225266 -0 0.43513 0.324869
-1.43211 -0.150521 -0 0.448684 0.324925
-1.48153 -0.234652 -0 0.439062 0.315557
-1.43211 -0.150521 -0 0.448684 0.324925
-1.49178 -0.156793 -0 0.45359 0.315482
-1.48153 -0.234652 -0 0.439062 0.315557
-1.48153 -0.234652 -0 0.439062 0.315557
-1.49178 -0.156793 -0 0.45359 0.315482
-1.54079 -0.244038 -0 0.442946 0.307837
-1.49178 -0.156793 -0 0.45359 0.315482
-1.55145 -0.163064 -0 0.457531 0.306355
-1.54079 -0.244038 -0 0.442946 0.307837
-1.54079 -0.244038 -0 0.442946 0.307837
-1.55145 -0.163064 -0 0.457531 0.306355
-1.70358 -0.26982 0.0036 0.452822 0.285531
-1.55145 -0.163064 -0 0.457531 0.306355
-1.71536 -0.180292 0.0036 0.467341 0.284276
-1.70358 -0.26982 0.0036 0.452822 0.285531
-1.70358 -0.26982 0.0036 0.452822 0.285531
-1.71536 -0.180292 0.0036 0.467341 0.284276
-1.76284 -0.279206 0.0144 0.455897 0.275682
-1.71536 -0.180292 0.0036 0.467341 0.284276
-1.77503 -0.186564 0.0144 0.471207 0.275804
-1.76284 -0.279206 0.0144 0.455897 0.275682
-1.76284 -0.279206 0.0144 0.455897 0.275682
-1.77503 -0.186564 0.0144 0.471207 0.275804
-1.8221 -0.288592 0.0324 0.458941 0.264876
-1.77503 -0.186564 0.0144 0.471207 0.275804
-1.83471 -0.192835 0.0324 0.473252 0.265056
-1.8221 -0.288592 0.0324 0.458941 0.264876
-1.8221 -0.288592 0.0324 0.458941 0.264876
-1.83471 -0.192835 0.0324 0.473252 0.265056
-1.88136 -0.297978 0.0576 0.461153 0.253161
-1.83471 -0.192835 0.0324 0.473252 0.265056
-1.89438 -0.199107 0.0576 0.476198 0.253314
-1.88136 -0.297978 0.0576 0.461153 0.253161
-1.88136 -0.297978 0.0576 0.461153 0.253161
-1.89438 -0.199107 0.0576 0.476198 0.253314
-1.94062 -0.307364 0.09 0.463367 0.240674
-1.89438 -0.199107 0.0576 0.476198 0.253314
-1.95405 -0.205379 0.09 0.479102 0.240802
-1.94062 -0.307364 0.09 0.463367 0.240674
-1.94062 -0.307364 0.09 0.463367 0.240674
-1.95405 -0.205379 0.09 0.479102 0.240802
-1.99988 -0.31675 0.1296 0.465577 0.227557
-1.95405 -0.205379 0.09 0.479102 0.240802
-2.01372 -0.211651 0.1296 0.481086 0.227692
-1.99988 -0.31675 0.1296 0.465577 0.227557
-1.99988 -0.31675 0.1296 0.465577 0.227557
-2.01372 -0.211651 0.1296 0.481086 0.227692
-2.05914 -0.326136 0.1764 0.467771 0.213958
-2.01372 -0.211651 0.1296 0.481086 0.227692
-2.07339 -0.217922 0.1764 0.483059 0.212981
-2.05914 -0.326136 0.1764 0.467771 0.213958
-2.05914 -0.326136 0.1764 0.467771 0.213958
-2.07339 -0.217922 0.1764 0.483059 0.212981
-2.11841 -0.335523 0.2304 0.469215 0.198952
-2.07339 -0.217922 0.1764 0.483059 0.212981
-2.13306 -0.224194 0.2304 0.484976 0.198063
-2.11841 -0.335523 0.2304 0.469215 0.198952
-2.11841 -0.335523 0.2304 0.469215 0.198952
-2.13306 -0.224194 0.2304 0.484976 0.198063
-2.17767 -0.344909 0.2916 0.471418 0.183886
-2.13306 -0.224194 0.2304 0.484976 0.198063
-2.19273 -0.230466 0.2916 0.486847 0.182109
-2.17767 -0.344909 0.2916 0.471418 0.183886
-2.17767 -0.344909 0.2916 0.471418 0.183886
-2.19273 -0.230466 0.2916 0.486847 0.182109
-2.23693 -0.354295 0.36 0.472814 0.168059
-2.19273 -0.230466 0.2916 0.486847 0.182109
-2.25241 -0.236737 0.36 0.48863 0.166379
-2.23693 -0.354295 0.36 0.472814 0.168059
-2.23693 -0.354295 0.36 0.472814 0.168059
-2.25241 -0.236737 0.36 0.48863 0.166379
-2.29619 -0.363681 0.4356 0.474262 0.151644
-2.25241 -0.236737 0.36 0.48863 0.166379
-2.31208 -0.243009 0.4356 0.490347 0.150128
-2.29619 -0.363681 0.4356 0.474262 0.151644
-2.29619 -0.363681 0.4356 0.474262 0.151644
-2.31208 -0.243009 0.4356 0.490347 0.150128
-2.35545 -0.373067 0.5184 0.475666 0.135085
-2.31208 -0.243009 0.4356 0.490347 0.150128
-2.37175 -0.249281 0.5184 0.491965 0.133686
-2.35545 -0.373067 0.5184 0.475666 0.135085
-0.762955 -0.162171 -0 0.360514 0.499035
-0.770397 -0.122019 -0 0.369071 0.500904
-0.821644 -0.174646 -0 0.367557 0.476727
-0.770397 -0.122019 -0 0.369071 0.500904
-0.829658 -0.131405 -0 0.376447 0.478247
-0.821644 -0.174646 -0 0.367557 0.476727
-0.821644 -0.174646 -0 0.367557 0.476727
-0.829658 -0.131405 -0 0.376447 0.478247
-0.880333 -0.187121 -0 0.373609 0.455549
-0.829658 -0.131405 -0 0.376447 0.478247
-0.888919 -0.140791 -0 0.383547 0.456706
-0.880333 -0.187121 -0 0.373609 0.455549
-0.880333 -0.187121 -0 0.373609 0.455549
-0.888919 -0.140791 -0 0.383547 0.456706
-0.939022 -0.199595 -0 0.379987 0.437296
-0.888919 -0.140791 -0 0.383547 0.456706
-0.948181 -0.150177 -0 0.390206 0.438173
-0.939022 -0.199595 -0 0.379987 0.437296
-0.939022 -0.199595 -0 0.379987 0.437296
-0.948181 -0.150177 -0 0.390206 0.438173
-0.997711 -0.21207 -0 0.385899 0.418921
-0.948181 -0.150177 -0 0.390206 0.438173
-1.00744 -0.159563 -0 0.397133 0.419541
-0.997711 -0.21207 -0 0.385899 0.418921
-0.997711 -0.21207 -0 0.385899 0.418921
-1.00744 -0.159563 -0 0.397133 0.419541
-1.0564 -0.224545 -0 0.391977 0.402162
-1.00744 -0.159563 -0 0.397133 0.419541
-1.0667 -0.168949 -0 0.403476 0.402505
-1.0564 -0.224545 -0 0.391977 0.402162
-1.0564 -0.224545 -0 0.391977 0.402162
-1.0667 -0.168949 -0 0.403476 0.402505
-1.11509 -0.237019 -0 0.397345 0.387187
-1.0667 -0.168949 -0 0.403476 0.402505
-1.12596 -0.178335 -0 0.40907 0.387273
-1.11509 -0.237019 -0 0.397345 0.387187
-1.11509 -0.237019 -0 0.397345 0.387187
-1.12596 -0.178335 -0 0.40907 0.387273
-1.17378 -0.249494 -0 0.402842 0.37377
-1.12596 -0.178335 -0 0.40907 0.387273
-1.18523 -0.187721 -0 0.414736 0.372242
-1.17378 -0.249494 -0 0.402842 0.37377
-1.17378 -0.249494 -0 0.402842 0.37377
-1.18523 -0.187721 -0 0.414736 0.372242
-1.23247 -0.261969 -0 0.408394 0.360549
-1.18523 -0.187721 -0 0.414736 0.372242
-1.24449 -0.197107 -0 0.42049 0.358857
-1.23247 -0.261969 -0 0.408394 0.360549
-1.23247 -0.261969 -0 0.408394 0.360549
-1.24449 -0.197107 -0 0.42049 0.358857
-1.29115 -0.274443 -0 0.413194 0.347582
-1.24449 -0.197107 -0 0.42049 0.358857
-1.30375 -0.206493 -0 0.42534 0.347356
-1.29115 -0.274443 -0 0.413194 0.347582
-1.29115 -0.274443 -0 0.413194 0.347582
-1.30375 -0.206493 -0 0.42534 0.347356
-1.34984 -0.286918 -0 0.417144 0.336393
-1.30375 -0.206493 -0 0.42534 0.347356
-1.36301 -0.21588 -0 0.430224 0.336018
-1.34984 -0.286918 -0 0.417144 0.336393
-1.34984 -0.286918 -0 0.417144 0.336393
-1.36301 -0.21588 -0 0.430224 0.336018
-1.40853 -0.299393 -0 0.421972 0.326618
-1.36301 -0.21588 -0 0.430224 0.336018
-1.42227 -0.225266 -0 0.43513 0.324869
-1.40853 -0.299393 -0 0.421972 0.326618
-1.40853 -0.299393 -0 0.421972 0.326618
-1.42227 -0.225266 -0 0.43513 0.324869
-1.46722 -0.311868 -0 0.425855 0.317298
-1.42227 -0.225266 -0 0.43513 0.324869
-1.48153 -0.234652 -0 0.439062 0.315557
-1.46722 -0.311868 -0 0.425855 0.317298
-1.46722 -0.311868 -0 0.425855 0.317298
-1.48153 -0.234652 -0 0.439062 0.315557
-1.52591 -0.324342 -0 0.429808 0.308025
-1.48153 -0.234652 -0 0.439062 0.315557
-1.54079 -0.244038 -0 0.442946 0.307837
-1.52591 -0.324342 -0 0.429808 0.308025
-1.52591 -0.324342 -0 0.429808 0.308025
-1.54079 -0.244038 -0 0.442946 0.307837
-1.68712 -0.358609 0.0036 0.438687 0.285936
-1.54079 -0.244038 -0 0.442946 0.307837
-1.70358 -0.26982 0.0036 0.452822 0.285531
-1.68712 -0.358609 0.0036 0.438687 0.285936
-1.68712 -0.358609 0.0036 0.438687 0.285936
-1.70358 -0.26982 0.0036 0.452822 0.285531
-1.74581 -0.371083 0.0144 0.441764 0.277372
-1.70358 -0.26982 0.0036 0.452822 0.285531
-1.76284 -0.279206 0.0144 0.455897 0.275682
-1.74581 -0.371083 0.0144 0.441764 0.277372
-1.74581 -0.371083 0.0144 0.441764 0.277372
-1.76284 -0.279206 0.0144 0.455897 0.275682
-1.8045 -0.383558 0.0324 0.444023 0.266625
-1.76284 -0.279206 0.0144 0.455897 0.275682
-1.8221 -0.288592 0.0324 0.458941 0.264876
-1.8045 -0.383558 0.0324 0.444023 0.266625
-1.8045 -0.383558 0.0324 0.444023 0.266625
-1.8221 -0.288592 0.0324 0.458941 0.264876
-1.86319 -0.396033 0.0576 0.446372 0.254869
-1.8221 -0.288592 0.0324 0.458941 0.264876
-1.88136 -0.297978 0.0576 0.461153 0.253161
-1.86319 -0.396033 0.0576 0.446372 0.254869
-1.86319 -0.396033 0.0576 0.446372 0.254869
-1.88136 -0.297978 0.0576 0.461153 0.253161
-1.92188 -0.408507 0.09 0.448645 0.243615
-1.88136 -0.297978 0.0576 0.461153 0.253161
-1.94062 -0.307364 0.09 0.463367 0.240674
-1.92188 -0.408507 0.09 0.448645 0.243615
-1.92188 -0.408507 0.09 0.448645 0.243615
-1.94062 -0.307364 0.09 0.463367 0.240674
-1.98057 -0.420982 0.1296 0.451147 0.229173
-1.94062 -0.307364 0.09 0.463367 0.240674
-1.99988 -0.31675 0.1296 0.465577 0.227557
-1.98057 -0.420982 0.1296 0.451147 0.229173
-1.98057 -0.420982 0.1296 0.451147 0.229173
-1.99988 -0.31675 0.1296 0.465577 0.227557
-2.03925 -0.433457 0.1764 0.452738 0.215613
-1.99988 -0.31675 0.1296 0.465577 0.227557
-2.05914 -0.326136 0.1764 0.467771 0.213958
-2.03925 -0.433457 0.1764 0.452738 0.215613
-2.03925 -0.433457 0.1764 0.452738 0.215613
-2.05914 -0.326136 0.1764 0.467771 0.213958
-2.09794 -0.445932 0.2304 0.454404 0.201624
-2.05914 -0.326136 0.1764 0.467771 0.213958
-2.11841 -0.335523 0.2304 0.469215 0.198952
-2.09794 -0.445932 0.2304 0.454404 0.201624
-2.09794 -0.445932 0.2304 0.454404 0.201624
-2.11841 -0.335523 0.2304 0.469215 0.198952
-2.15663 -0.458406 0.2916 0.45618 0.185544
-2.11841 -0.335523 0.2304 0.469215 0.198952
-2.17767 -0.344909 0.2916 0.471418 0.183886
-2.15663 -0.458406 0.2916 0.45618 0.185544
-2.15663 -0.458406 0.2916 0.45618 0.185544
-2.17767 -0.344909 0.2916 0.471418 0.183886
-2.21532 -0.470881 0.36 0.457144 0.170624
-2.17767 -0.344909 0.2916 0.471418 0.183886
-2.23693 -0.354295 0.36 0.472814 0.168059
-2.21532 -0.470881 0.36 0.457144 0.170624
-2.21532 -0.470881 0.36 0.457144 0.170624
-2.23693 -0.354295 0.36 0.472814 0.168059
-2.27401 -0.483356 0.4356 0.459018 0.154098
-2.23693 -0.354295 0.36 0.472814 0.168059
-2.29619 -0.363681 0.4356 0.474262 0.151644
-2.27401 -0.483356 0.4356 0.459018 0.154098
-2.27401 -0.483356 0.4356 0.459018 0.154098
-2.29619 -0.363681 0.4356 0.474262 0.151644
-2.3327 -0.49583 0.5184 0.460229 0.137382
-2.29619 -0.363681 0.4356 0.474262 0.151644
-2.35545 -0.373067 0.5184 0.475666 0.135085
-2.3327 -0.49583 0.5184 0.460229 0.137382
-0.762955 -0.162171 -0 0.360514 0.499035
-0.821644 -0.174646 -0 0.367557 0.476727
-0.811378 -0.217408 -0 0.35841 0.475276
-0.811378 -0.217408 -0 0.35841 0.475276
-0.821644 -0.174646 -0 0.367557 0.476727
-0.869333 -0.232937 -0 0.364158 0.45605
-0.821644 -0.174646 -0 0.367557 0.476727
-0.880333 -0.187121 -0 0.373609 0.455549
-0.869333 -0.232937 -0 0.364158 0.45605
-0.869333 -0.232937 -0 0.364158 0.45605
-0.880333 -0.187121 -0 0.373609 0.455549
-0.927289 -0.248466 -0 0.370271 0.43651
-0.880333 -0.187121 -0 0.373609 0.455549
-0.939022 -0.199595 -0 0.379987 0.437296
-0.927289 -0.248466 -0 0.370271 0.43651
-0.927289 -0.248466 -0 0.370271 0.43651
-0.939022 -0.199595 -0 0.379987 0.437296
-0.985244 -0.263995 -0 0.375909 0.419988
-0.939022 -0.199595 -0 0.379987 0.437296
-0.997711 -0.21207 -0 0.385899 0.418921
-0.985244 -0.263995 -0 0.375909 0.419988
-0.985244 -0.263995 -0 0.375909 0.419988
-0.997711 -0.21207 -0 0.385899 0.418921
-1.0432 -0.279525 -0 0.380949 0.40361
-0.997711 -0.21207 -0 0.385899 0.418921
-1.0564 -0.224545 -0 0.391977 0.402162
-1.0432 -0.279525 -0 0.380949 0.40361
-1.0432 -0.279525 -0 0.380949 0.40361
-1.0564 -0.224545 -0 0.391977 0.402162
-1.10116 -0.295054 -0 0.386161 0.388734
-1.0564 -0.224545 -0 0.391977 0.402162
-1.11509 -0.237019 -0 0.397345 0.387187
-1.10116 -0.295054 -0 0.386161 0.388734
-1.10116 -0.295054 -0 0.386161 0.388734
-1.11509 -0.237019 -0 0.397345 0.387187
-1.15911 -0.310583 -0 0.391529 0.373911
-1.11509 -0.237019 -0 0.397345 0.387187
-1.17378 -0.249494 -0 0.402842 0.37377
-1.15911 -0.310583 -0 0.391529 0.373911
-1.15911 -0.310583 -0 0.391529 0.373911
-1.17378 -0.249494 -0 0.402842 0.37377
-1.21707 -0.326112 -0 0.396117 0.360924
-1.17378 -0.249494 -0 0.402842 0.37377
-1.23247 -0.261969 -0 0.408394 0.360549
-1.21707 -0.326112 -0 0.396117 0.360924
-1.21707 -0.326112 -0 0.396117 0.360924
-1.23247 -0.261969 -0 0.408394 0.360549
-1.27502 -0.341641 -0 0.400724 0.349554
-1.23247 -0.261969 -0 0.408394 0.360549
-1.29115 -0.274443 -0 0.413194 0.347582
-1.27502 -0.341641 -0 0.400724 0.349554
-1.27502 -0.341641 -0 0.400724 0.349554
-1.29115 -0.274443 -0 0.413194 0.347582
-1.33298 -0.35717 -0 0.404592 0.338423
-1.29115 -0.274443 -0 0.413194 0.347582
-1.34984 -0.286918 -0 0.417144 0.336393
-1.33298 -0.35717 -0 0.404592 0.338423
-1.33298 -0.35717 -0 0.404592 0.338423
-1.34984 -0.286918 -0 0.417144 0.336393
-1.39093 -0.372699 -0 0.408433 0.328879
-1.34984 -0.286918 -0 0.417144 0.336393
-1.40853 -0.299393 -0 0.421972 0.326618
-1.39093 -0.372699 -0 0.408433 0.328879
-1.39093 -0.372699 -0 0.408433 0.328879
-1.40853 -0.299393 -0 0.421972 0.326618
-1.44889 -0.388229 -0 0.412236 0.319576
-1.40853 -0.299393 -0 0.421972 0.326618
-1.46722 -0.311868 -0 0.425855 0.317298
-1.44889 -0.388229 -0 0.412236 0.319576
-1.44889 -0.388229 -0 0.412236 0.319576
-1.46722 -0.311868 -0 0.425855 0.317298
-1.50684 -0.403758 -0 0.416132 0.310286
-1.46722 -0.311868 -0 0.425855 0.317298
-1.52591 -0.324342 -0 0.429808 0.308025
-1.50684 -0.403758 -0 0.416132 0.310286
-1.50684 -0.403758 -0 0.416132 0.310286
-1.52591 -0.324342 -0 0.429808 0.308025
-1.66604 -0.446414 0.0036 0.42493 0.28815
-1.52591 -0.324342 -0 0.429808 0.308025
-1.68712 -0.358609 0.0036 0.438687 0.285936
-1.66604 -0.446414 0.0036 0.42493 0.28815
-1.66604 -0.446414 0.0036 0.42493 0.28815
-1.68712 -0.358609 0.0036 0.438687 0.285936
-1.724 -0.461943 0.0144 0.428023 0.279535
-1.68712 -0.358609 0.0036 0.438687 0.285936
-1.74581 -0.371083 0.0144 0.441764 0.277372
-1.724 -0.461943 0.0144 0.428023 0.279535
-1.724 -0.461943 0.0144 0.428023 0.279535
-1.74581 -0.371083 0.0144 0.441764 0.277372
-1.78195 -0.477473 0.0324 0.430351 0.268793
-1.74581 -0.371083 0.0144 0.441764 0.277372
-1.8045 -0.383558 0.0324 0.444023 0.266625
-1.78195 -0.477473 0.0324 0.430351 0.268793
-1.78195 -0.477473 0.0324 0.430351 0.268793
-1.8045 -0.383558 0.0324 0.444023 0.266625
-1.83991 -0.493002 0.0576 0.43185 0.25848
-1.8045 -0.383558 0.0324 0.444023 0.266625
-1.86319 -0.396033 0.0576 0.446372 0.254869
-1.83991 -0.493002 0.0576 0.43185 0.25848
-1.83991 -0.493002 0.0576 0.43185 0.25848
-1.86319 -0.396033 0.0576 0.446372 0.254869
-1.89786 -0.508531 0.09 0.434362 0.245874
-1.86319 -0.396033 0.0576 0.446372 0.254869
-1.92188 -0.408507 0.09 0.448645 0.243615
-1.89786 -0.508531 0.09 0.434362 0.245874
-1.89786 -0.508531 0.09 0.434362 0.245874
-1.92188 -0.408507 0.09 0.448645 0.243615
-1.95582 -0.52406 0.1296 0.436116 0.232742
-1.92188 -0.408507 0.09 0.448645 0.243615
-1.98057 -0.420982 0.1296 0.451147 0.229173
-1.95582 -0.52406 0.1296 0.436116 0.232742
-1.95582 -0.52406 0.1296 0.436116 0.232742
-1.98057 -0.420982 0.1296 0.451147 0.229173
-2.01377 -0.539589 0.1764 0.437926 0.219113
-1.98057 -0.420982 0.1296 0.451147 0.229173
-2.03925 -0.433457 0.1764 0.452738 0.215613
-2.01377 -0.539589 0.1764 0.437926 0.219113
-2.01377 -0.539589 0.1764 0.437926 0.219113
-2.03925 -0.433457 0.1764 0.452738 0.215613
-2.07173 -0.555118 0.2304 0.439139 0.204123
-2.03925 -0.433457 0.1764 0.452738 0.215613
-2.09794 -0.445932 0.2304 0.454404 0.201624
-2.07173 -0.555118 0.2304 0.439139 0.204123
-2.07173 -0.555118 0.2304 0.439139 0.204123
-2.09794 -0.445932 0.2304 0.454404 0.201624
-2.12969 -0.570647 0.2916 0.441176 0.188932
-2.09794 -0.445932 0.2304 0.454404 0.201624
-2.15663 -0.458406 0.2916 0.45618 0.185544
-2.12969 -0.570647 0.2916 0.441176 0.188932
-2.12969 -0.570647 0.2916 0.441176 0.188932
-2.15663 -0.458406 0.2916 0.45618 0.185544
-2.18764 -0.586177 0.36 0.441683 0.174147
-2.15663 -0.458406 0.2916 0.45618 0.185544
-2.21532 -0.470881 0.36 0.457144 0.170624
-2.18764 -0.586177 0.36 0.441683 0.174147
-2.18764 -0.586177 0.36 0.441683 0.174147
-2.21532 -0.470881 0.36 0.457144 0.170624
-2.2456 -0.601706 0.4356 0.443254 0.157558
-2.21532 -0.470881 0.36 0.457144 0.170624
-2.27401 -0.483356 0.4356 0.459018 0.154098
-2.2456 -0.601706 0.4356 0.443254 0.157558
-0.798887 -0.259574 -0 0.349748 0.475434
-0.811378 -0.217408 -0 0.35841 0.475276
-0.855951 -0.278115 -0 0.355203 0.456564
-0.811378 -0.217408 -0 0.35841 0.475276
-0.869333 -0.232937 -0 0.364158 0.45605
-0.855951 -0.278115 -0 0.355203 0.456564
-0.855951 -0.278115 -0 0.355203 0.456564
-0.869333 -0.232937 -0 0.364158 0.45605
-0.913014 -0.296656 -0 0.36031 0.43747
-0.869333 -0.232937 -0 0.364158 0.45605
-0.927289 -0.248466 -0 0.370271 0.43651
-0.913014 -0.296656 -0 0.36031 0.43747
-0.913014 -0.296656 -0 0.36031 0.43747
-0.927289 -0.248466 -0 0.370271 0.43651
-0.970078 -0.315197 -0 0.365672 0.421239
-0.927289 -0.248466 -0 0.370271 0.43651
-0.985244 -0.263995 -0 0.375909 0.419988
-0.970078 -0.315197 -0 0.365672 0.421239
-0.970078 -0.315197 -0 0.365672 0.421239
-0.985244 -0.263995 -0 0.375909 0.419988
-1.02714 -0.333738 -0 0.370532 0.405048
-0.985244 -0.263995 -0 0.375909 0.419988
-1.0432 -0.279525 -0 0.380949 0.40361
-1.02714 -0.333738 -0 0.370532 0.405048
-1.02714 -0.333738 -0 0.370532 0.405048
-1.0432 -0.279525 -0 0.380949 0.40361
-1.0842 -0.352279 -0 0.375478 0.390471
-1.0432 -0.279525 -0 0.380949 0.40361
-1.10116 -0.295054 -0 0.386161 0.388734
-1.0842 -0.352279 -0 0.375478 0.390471
-1.0842 -0.352279 -0 0.375478 0.390471
-1.10116 -0.295054 -0 0.386161 0.388734
-1.14127 -0.37082 -0 0.379903 0.37594
-1.10116 -0.295054 -0 0.386161 0.388734
-1.15911 -0.310583 -0 0.391529 0.373911
-1.14127 -0.37082 -0 0.379903 0.37594
-1.14127 -0.37082 -0 0.379903 0.37594
-1.15911 -0.310583 -0 0.391529 0.373911
-1.19833 -0.389361 -0 0.384258 0.364584
-1.15911 -0.310583 -0 0.391529 0.373911
-1.21707 -0.326112 -0 0.396117 0.360924
-1.19833 -0.389361 -0 0.384258 0.364584
-1.19833 -0.389361 -0 0.384258 0.364584
-1.21707 -0.326112 -0 0.396117 0.360924
-1.25539 -0.407902 -0 0.388773 0.351833
-1.21707 -0.326112 -0 0.396117 0.360924
-1.27502 -0.341641 -0 0.400724 0.349554
-1.25539 -0.407902 -0 0.388773 0.351833
-1.25539 -0.407902 -0 0.388773 0.351833
-1.27502 -0.341641 -0 0.400724 0.349554
-1.31246 -0.426443 -0 0.392534 0.340788
-1.27502 -0.341641 -0 0.400724 0.349554
-1.33298 -0.35717 -0 0.404592 0.338423
-1.31246 -0.426443 -0 0.392534 0.340788
-1.31246 -0.426443 -0 0.392534 0.340788
-1.33298 -0.35717 -0 0.404592 0.338423
-1.36952 -0.444984 -0 0.396275 0.331289
-1.33298 -0.35717 -0 0.404592 0.338423
-1.39093 -0.372699 -0 0.408433 0.328879
-1.36952 -0.444984 -0 0.396275 0.331289
-1.36952 -0.444984 -0 0.396275 0.331289
-1.39093 -0.372699 -0 0.408433 0.328879
-1.42658 -0.463525 -0 0.399982 0.322027
-1.39093 -0.372699 -0 0.408433 0.328879
-1.44889 -0.388229 -0 0.412236 0.319576
-1.42658 -0.463525 -0 0.399982 0.322027
-1.42658 -0.463525 -0 0.399982 0.322027
-1.44889 -0.388229 -0 0.412236 0.319576
-1.48365 -0.482067 -0 0.403016 0.312884
-1.44889 -0.388229 -0 0.412236 0.319576
-1.50684 -0.403758 -0 0.416132 0.310286
-1.48365 -0.482067 -0 0.403016 0.312884
-1.48365 -0.482067 -0 0.403016 0.312884
-1.50684 -0.403758 -0 0.416132 0.310286
-1.64039 -0.532996 0.0036 0.411589 0.292077
-1.50684 -0.403758 -0 0.416132 0.310286
-1.66604 -0.446414 0.0036 0.42493 0.28815
-1.64039 -0.532996 0.0036 0.411589 0.292077
-1.64039 -0.532996 0.0036 0.411589 0.292077
-1.66604 -0.446414 0.0036 0.42493 0.28815
-1.69746 -0.551537 0.0144 0.413881 0.282396
-1.66604 -0.446414 0.0036 0.42493 0.28815
-1.724 -0.461943 0.0144 0.428023 0.279535
-1.69746 -0.551537 0.0144 0.413881 0.282396
-1.69746 -0.551537 0.0144 0.413881 0.282396
-1.724 -0.461943 0.0144 0.428023 0.279535
-1.75452 -0.570078 0.0324 0.416255 0.272793
-1.724 -0.461943 0.0144 0.428023 0.279535
-1.78195 -0.477473 0.0324 0.430351 0.268793
-1.75452 -0.570078 0.0324 0.416255 0.272793
-1.75452 -0.570078 0.0324 0.416255 0.272793
-1.78195 -0.477473 0.0324 0.430351 0.268793
-1.81158 -0.588619 0.0576 0.418708 0.261118
-1.78195 -0.477473 0.0324 0.430351 0.268793
-1.83991 -0.493002 0.0576 0.43185 0.25848
-1.81158 -0.588619 0.0576 0.418708 0.261118
-1.81158 -0.588619 0.0576 0.418708 0.261118
-1.83991 -0.493002 0.0576 0.43185 0.25848
-1.86865 -0.60716 0.09 0.420536 0.248649
-1.83991 -0.493002 0.0576 0.43185 0.25848
-1.89786 -0.508531 0.09 0.434362 0.245874
-1.86865 -0.60716 0.09 0.420536 0.248649
-1.86865 -0.60716 0.09 0.420536 0.248649
-1.89786 -0.508531 0.09 0.434362 0.245874
-1.92571 -0.625701 0.1296 0.421594 0.236789
-1.89786 -0.508531 0.09 0.434362 0.245874
-1.95582 -0.52406 0.1296 0.436116 0.232742
-1.92571 -0.625701 0.1296 0.421594 0.236789
-1.92571 -0.625701 0.1296 0.421594 0.236789
-1.95582 -0.52406 0.1296 0.436116 0.232742
-1.98277 -0.644242 0.1764 0.423589 0.223104
-1.95582 -0.52406 0.1296 0.436116 0.232742
-2.01377 -0.539589 0.1764 0.437926 0.219113
-1.98277 -0.644242 0.1764 0.423589 0.223104
-1.98277 -0.644242 0.1764 0.423589 0.223104
-2.01377 -0.539589 0.1764 0.437926 0.219113
-2.03984 -0.662783 0.2304 0.424985 0.208193
-2.01377 -0.539589 0.1764 0.437926 0.219113
-2.07173 -0.555118 0.2304 0.439139 0.204123
-2.03984 -0.662783 0.2304 0.424985 0.208193
-2.03984 -0.662783 0.2304 0.424985 0.208193
-2.07173 -0.555118 0.2304 0.439139 0.204123
-2.0969 -0.681324 0.2916 0.425815 0.193182
-2.07173 -0.555118 0.2304 0.439139 0.204123
-2.12969 -0.570647 0.2916 0.441176 0.188932
-2.0969 -0.681324 0.2916 0.425815 0.193182
-2.0969 -0.681324 0.2916 0.425815 0.193182
-2.12969 -0.570647 0.2916 0.441176 0.188932
-2.15396 -0.699865 0.36 0.427462 0.178059
-2.12969 -0.570647 0.2916 0.441176 0.188932
-2.18764 -0.586177 0.36 0.441683 0.174147
-2.15396 -0.699865 0.36 0.427462 0.178059
-2.15396 -0.699865 0.36 0.427462 0.178059
-2.18764 -0.586177 0.36 0.441683 0.174147
-2.21103 -0.718406 0.4356 0.42855 0.162425
-2.18764 -0.586177 0.36 0.441683 0.174147
-2.2456 -0.601706 0.4356 0.443254 0.157558
-2.21103 -0.718406 0.4356 0.42855 0.162425
-0.784208 -0.301029 -0 0.34155 0.477118
-0.798887 -0.259574 -0 0.349748 0.475434
-0.840222 -0.322531 -0 0.346712 0.457118
-0.798887 -0.259574 -0 0.349748 0.475434
-0.855951 -0.278115 -0 0.355203 0.456564
-0.840222 -0.322531 -0 0.346712 0.457118
-0.840222 -0.322531 -0 0.346712 0.457118
-0.855951 -0.278115 -0 0.355203 0.456564
-0.896237 -0.344033 -0 0.351557 0.439862
-0.855951 -0.278115 -0 0.355203 0.456564
-0.913014 -0.296656 -0 0.36031 0.43747
-0.896237 -0.344033 -0 0.351557 0.439862
-0.896237 -0.344033 -0 0.351557 0.439862
-0.913014 -0.296656 -0 0.36031 0.43747
-0.952252 -0.365535 -0 0.35604 0.422454
-0.913014 -0.296656 -0 0.36031 0.43747
-0.970078 -0.315197 -0 0.365672 0.421239
-0.952252 -0.365535 -0 0.35604 0.422454
-0.952252 -0.365535 -0 0.35604 0.422454
-0.970078 -0.315197 -0 0.365672 0.421239
-1.00827 -0.387037 -0 0.360629 0.406623
-0.970078 -0.315197 -0 0.365672 0.421239
-1.02714 -0.333738 -0 0.370532 0.405048
-1.00827 -0.387037 -0 0.360629 0.406623
-1.19833 -0.389361 -0 0.384258 0.364584
-1.25539 -0.407902 -0 0.388773 0.351833
-1.23233 -0.473046 -0 0.377346 0.355709
-1.23233 -0.473046 -0 0.377346 0.355709
-1.25539 -0.407902 -0 0.388773 0.351833
-1.28834 -0.494548 -0 0.380982 0.344755
-1.25539 -0.407902 -0 0.388773 0.351833
-1.31246 -0.426443 -0 0.392534 0.340788
-1.28834 -0.494548 -0 0.380982 0.344755
-1.28834 -0.494548 -0 0.380982 0.344755
-1.31246 -0.426443 -0 0.392534 0.340788
-1.34436 -0.51605 -0 0.384523 0.335449
-1.31246 -0.426443 -0 0.392534 0.340788
-1.36952 -0.444984 -0 0.396275 0.331289
-1.34436 -0.51605 -0 0.384523 0.335449
-1.34436 -0.51605 -0 0.384523 0.335449
-1.36952 -0.444984 -0 0.396275 0.331289
-1.40037 -0.537552 -0 0.387455 0.326233
-1.36952 -0.444984 -0 0.396275 0.331289
-1.42658 -0.463525 -0 0.399982 0.322027
-1.40037 -0.537552 -0 0.387455 0.326233
-1.40037 -0.537552 -0 0.387455 0.326233
-1.42658 -0.463525 -0 0.399982 0.322027
-1.45639 -0.559054 -0 0.391082 0.317119
-1.42658 -0.463525 -0 0.399982 0.322027
-1.48365 -0.482067 -0 0.403016 0.312884
-1.45639 -0.559054 -0 0.391082 0.317119
-1.45639 -0.559054 -0 0.391082 0.317119
-1.48365 -0.482067 -0 0.403016 0.312884
-1.61025 -0.618117 0.0036 0.398786 0.296312
-1.48365 -0.482067 -0 0.403016 0.312884
-1.64039 -0.532996 0.0036 0.411589 0.292077
-1.61025 -0.618117 0.0036 0.398786 0.296312
-1.61025 -0.618117 0.0036 0.398786 0.296312
-1.64039 -0.532996 0.0036 0.411589 0.292077
-1.66627 -0.63962 0.0144 0.40108 0.286645
-1.64039 -0.532996 0.0036 0.411589 0.292077
-1.69746 -0.551537 0.0144 0.413881 0.282396
-1.66627 -0.63962 0.0144 0.40108 0.286645
-1.66627 -0.63962 0.0144 0.40108 0.286645
-1.69746 -0.551537 0.0144 0.413881 0.282396
-1.72228 -0.661122 0.0324 0.40263 0.277342
-1.69746 -0.551537 0.0144 0.413881 0.282396
-1.75452 -0.570078 0.0324 0.416255 0.272793
-1.72228 -0.661122 0.0324 0.40263 0.277342
-1.72228 -0.661122 0.0324 0.40263 0.277342
-1.75452 -0.570078 0.0324 0.416255 0.272793
-1.7783 -0.682624 0.0576 0.405212 0.265511
-1.75452 -0.570078 0.0324 0.416255 0.272793
-1.81158 -0.588619 0.0576 0.418708 0.261118
-1.7783 -0.682624 0.0576 0.405212 0.265511
-1.7783 -0.682624 0.0576 0.405212 0.265511
-1.81158 -0.588619 0.0576 0.418708 0.261118
-1.83431 -0.704126 0.09 0.40631 0.253361
-1.81158 -0.588619 0.0576 0.418708 0.261118
-1.86865 -0.60716 0.09 0.420536 0.248649
-1.83431 -0.704126 0.09 0.40631 0.253361
-1.83431 -0.704126 0.09 0.40631 0.253361
-1.86865 -0.60716 0.09 0.420536 0.248649
-1.89033 -0.725628 0.1296 0.408257 0.24133
-1.86865 -0.60716 0.09 0.420536 0.248649
-1.92571 -0.625701 0.1296 0.421594 0.236789
-1.89033 -0.725628 0.1296 0.408257 0.24133
-1.89033 -0.725628 0.1296 0.408257 0.24133
-1.92571 -0.625701 0.1296 0.421594 0.236789
-1.94634 -0.74713 0.1764 0.409666 0.227776
-1.92571 -0.625701 0.1296 0.421594 0.236789
-1.98277 -0.644242 0.1764 0.423589 0.223104
-1.94634 -0.74713 0.1764 0.409666 0.227776
-1.94634 -0.74713 0.1764 0.409666 0.227776
-1.98277 -0.644242 0.1764 0.423589 0.223104
-2.00235 -0.768632 0.2304 0.410564 0.213005
-1.98277 -0.644242 0.1764 0.423589 0.223104
-2.03984 -0.662783 0.2304 0.424985 0.208193
-2.00235 -0.768632 0.2304 0.410564 0.213005
-2.00235 -0.768632 0.2304 0.410564 0.213005
-2.03984 -0.662783 0.2304 0.424985 0.208193
-2.05837 -0.790134 0.2916 0.411684 0.197942
-2.03984 -0.662783 0.2304 0.424985 0.208193
-2.0969 -0.681324 0.2916 0.425815 0.193182
-2.05837 -0.790134 0.2916 0.411684 0.197942
-2.05837 -0.790134 0.2916 0.411684 0.197942
-2.0969 -0.681324 0.2916 0.425815 0.193182
-2.11438 -0.811636 0.36 0.412921 0.182893
-2.0969 -0.681324 0.2916 0.425815 0.193182
-2.15396 -0.699865 0.36 0.427462 0.178059
-2.11438 -0.811636 0.36 0.412921 0.182893
-2.11438 -0.811636 0.36 0.412921 0.182893
-2.15396 -0.699865 0.36 0.427462 0.178059
-2.1704 -0.833138 0.4356 0.413593 0.167506
-2.15396 -0.699865 0.36 0.427462 0.178059
-2.21103 -0.718406 0.4356 0.42855 0.162425
-2.1704 -0.833138 0.4356 0.413593 0.167506
-1.40037 -0.537552 -0 0.387455 0.326233
-1.45639 -0.559054 -0 0.391082 0.317119
-1.42513 -0.634509 -0 0.379068 0.321537
-1.42513 -0.634509 -0 0.379068 0.321537
-1.45639 -0.559054 -0 0.391082 0.317119
-1.57569 -0.701544 0.0036 0.385847 0.300957
-1.45639 -0.559054 -0 0.391082 0.317119
-1.61025 -0.618117 0.0036 0.398786 0.296312
-1.57569 -0.701544 0.0036 0.385847 0.300957
-1.57569 -0.701544 0.0036 0.385847 0.300957
-1.61025 -0.618117 0.0036 0.398786 0.296312
-1.63051 -0.725949 0.0144 0.388028 0.291498
-1.61025 -0.618117 0.0036 0.398786 0.296312
-1.66627 -0.63962 0.0144 0.40108 0.286645
-1.63051 -0.725949 0.0144 0.388028 0.291498
-1.63051 -0.725949 0.0144 0.388028 0.291498
-1.66627 -0.63962 0.0144 0.40108 0.286645
-1.68532 -0.750353 0.0324 0.390417 0.281891
-1.66627 -0.63962 0.0144 0.40108 0.286645
-1.72228 -0.661122 0.0324 0.40263 0.277342
-1.68532 -0.750353 0.0324 0.390417 0.281891
-1.68532 -0.750353 0.0324 0.390417 0.281891
-1.72228 -0.661122 0.0324 0.40263 0.277342
-1.74013 -0.774757 0.0576 0.391495 0.270596
-1.72228 -0.661122 0.0324 0.40263 0.277342
-1.7783 -0.682624 0.0576 0.405212 0.265511
-1.74013 -0.774757 0.0576 0.391495 0.270596
-1.74013 -0.774757 0.0576 0.391495 0.270596
-1.7783 -0.682624 0.0576 0.405212 0.265511
-1.79495 -0.799161 0.09 0.393407 0.259294
-1.7783 -0.682624 0.0576 0.405212 0.265511
-1.83431 -0.704126 0.09 0.40631 0.253361
-1.79495 -0.799161 0.09 0.393407 0.259294
-1.79495 -0.799161 0.09 0.393407 0.259294
-1.83431 -0.704126 0.09 0.40631 0.253361
-1.84976 -0.823565 0.1296 0.394736 0.246468
-1.83431 -0.704126 0.09 0.40631 0.253361
-1.89033 -0.725628 0.1296 0.408257 0.24133
-1.84976 -0.823565 0.1296 0.394736 0.246468
-1.84976 -0.823565 0.1296 0.394736 0.246468
-1.89033 -0.725628 0.1296 0.408257 0.24133
-1.90457 -0.84797 0.1764 0.395606 0.233105
-1.89033 -0.725628 0.1296 0.408257 0.24133
-1.94634 -0.74713 0.1764 0.409666 0.227776
-1.90457 -0.84797 0.1764 0.395606 0.233105
-1.90457 -0.84797 0.1764 0.395606 0.233105
-1.94634 -0.74713 0.1764 0.409666 0.227776
-1.95938 -0.872374 0.2304 0.396622 0.219342
-1.94634 -0.74713 0.1764 0.409666 0.227776
-2.00235 -0.768632 0.2304 0.410564 0.213005
-1.95938 -0.872374 0.2304 0.396622 0.219342
-1.95938 -0.872374 0.2304 0.396622 0.219342
-2.00235 -0.768632 0.2304 0.410564 0.213005
-2.0142 -0.896778 0.2916 0.397883 0.204374
-2.00235 -0.768632 0.2304 0.410564 0.213005
-2.05837 -0.790134 0.2916 0.411684 0.197942
-2.0142 -0.896778 0.2916 0.397883 0.204374
-2.0142 -0.896778 0.2916 0.397883 0.204374
-2.05837 -0.790134 0.2916 0.411684 0.197942
-2.06901 -0.921182 0.36 0.398731 0.189393
-2.05837 -0.790134 0.2916 0.411684 0.197942
-2.11438 -0.811636 0.36 0.412921 0.182893
-2.06901 -0.921182 0.36 0.398731 0.189393
-2.06901 -0.921182 0.36 0.398731 0.189393
-2.11438 -0.811636 0.36 0.412921 0.182893
-2.12382 -0.945586 0.4356 0.399833 0.173701
-2.11438 -0.811636 0.36 0.412921 0.182893
-2.1704 -0.833138 0.4356 0.413593 0.167506
-2.12382 -0.945586 0.4356 0.399833 0.173701
-1.74013 -0.774757 0.0576 0.391495 0.270596
-1.79495 -0.799161 0.09 0.393407 0.259294
-1.75066 -0.892006 0.09 0.380319 0.264923
-1.75066 -0.892006 0.09 0.380319 0.264923
-1.79495 -0.799161 0.09 0.393407 0.259294
-1.80412 -0.919246 0.1296 0.381742 0.253068
-1.79495 -0.799161 0.09 0.393407 0.259294
-1.84976 -0.823565 0.1296 0.394736 0.246468
-1.80412 -0.919246 0.1296 0.381742 0.253068
-1.80412 -0.919246 0.1296 0.381742 0.253068
-1.84976 -0.823565 0.1296 0.394736 0.246468
-1.85758 -0.946485 0.1764 0.382766 0.239694
-1.84976 -0.823565 0.1296 0.394736 0.246468
-1.90457 -0.84797 0.1764 0.395606 0.233105
-1.85758 -0.946485 0.1764 0.382766 0.239694
-1.85758 -0.946485 0.1764 0.382766 0.239694
-1.90457 -0.84797 0.1764 0.395606 0.233105
-1.91104 -0.973724 0.2304 0.38342 0.225101
-1.90457 -0.84797 0.1764 0.395606 0.233105
-1.95938 -0.872374 0.2304 0.396622 0.219342
-1.91104 -0.973724 0.2304 0.38342 0.225101
-1.91104 -0.973724 0.2304 0.38342 0.225101
-1.95938 -0.872374 0.2304 0.396622 0.219342
-1.9645 -1.00096 0.2916 0.384133 0.211282
-1.95938 -0.872374 0.2304 0.396622 0.219342
-2.0142 -0.896778 0.2916 0.397883 0.204374
-1.9645 -1.00096 0.2916 0.384133 0.211282
-1.9645 -1.00096 0.2916 0.384133 0.211282
-2.0142 -0.896778 0.2916 0.397883 0.204374
-2.01796 -1.0282 0.36 0.385365 0.195327
-2.0142 -0.896778 0.2916 0.397883 0.204374
-2.06901 -0.921182 0.36 0.398731 0.189393
-2.01796 -1.0282 0.36 0.385365 0.195327
-2.01796 -1.0282 0.36 0.385365 0.195327
-2.06901 -0.921182 0.36 0.398731 0.189393
-2.07142 -1.05544 0.4356 0.386152 0.179784
-2.06901 -0.921182 0.36 0.398731 0.189393
-2.12382 -0.945586 0.4356 0.399833 0.173701
-2.07142 -1.05544 0.4356 0.386152 0.179784
